t build_seconds sweep_seconds
1 1.5417000000000002e-05 0.00014595799999999999
2 1.1459e-05 6.8916000000000002e-05
3 8.7080000000000003e-06 6.0832999999999998e-05
4 8.4169999999999992e-06 5.0457999999999997e-05
5 8.6249999999999996e-06 5.1792000000000002e-05
6 8.2919999999999996e-06 5.2500000000000002e-05
7 7.7910000000000005e-06 5.2541999999999999e-05
8 7.9999999999999996e-06 5.6375000000000001e-05
9 1.0458999999999999e-05 5.6082999999999998e-05
10 9.0420000000000008e-06 7.7041999999999999e-05
11 1.0292000000000001e-05 9.0708e-05
12 9.2920000000000001e-06 6.1416999999999998e-05
13 9.0000000000000002e-06 5.6666999999999998e-05
14 8.7909999999999993e-06 5.6916999999999997e-05
15 8.2500000000000006e-06 5.5834000000000001e-05
16 8.4169999999999992e-06 5.3417e-05
17 8.4169999999999992e-06 0.000107959
18 8.8750000000000006e-06 8.1916999999999995e-05
19 8.1669999999999999e-06 6.5208000000000003e-05
20 8.2910000000000007e-06 5.5999999999999999e-05
21 8.3329999999999997e-06 5.7874999999999997e-05
22 7.7090000000000002e-06 5.5667000000000001e-05
23 7.5000000000000002e-06 5.3499999999999999e-05
24 7.6669999999999996e-06 5.3499999999999999e-05
25 7.7500000000000003e-06 5.3959000000000003e-05
26 7.5000000000000002e-06 7.5375000000000003e-05
27 7.7919999999999993e-06 6.3374999999999995e-05
28 7.3749999999999997e-06 7.1625000000000006e-05
29 7.5000000000000002e-06 5.6666999999999998e-05
30 7.2919999999999998e-06 5.5000000000000002e-05
31 7.6669999999999996e-06 5.5665999999999999e-05
32 7.2919999999999998e-06 5.4790999999999998e-05
33 7.25e-06 5.7667000000000002e-05
34 7.1250000000000004e-06 6.0708000000000002e-05
35 7.1250000000000004e-06 5.5458000000000003e-05
36 7.3749999999999997e-06 5.6625000000000001e-05
37 7.1659999999999997e-06 5.3582999999999998e-05
38 7.2919999999999998e-06 5.5417000000000002e-05
39 7.3329999999999999e-06 5.7250000000000002e-05
40 7.1670000000000002e-06 5.2916e-05
41 7.0829999999999998e-06 5.3458000000000002e-05
42 7.4580000000000004e-06 5.9292000000000001e-05
43 7.5000000000000002e-06 5.6416000000000003e-05
44 7.4159999999999998e-06 6.0917e-05
45 7.4580000000000004e-06 5.9375e-05
46 7.25e-06 9.2374999999999996e-05
47 1.0292000000000001e-05 0.00010950000000000001
48 2.0584000000000001e-05 9.0375000000000001e-05
49 2.1875e-05 0.000102
50 1.0042e-05 0.000108083
51 9.2080000000000006e-06 7.2374999999999997e-05
52 7.5830000000000001e-06 6.7040999999999997e-05
53 7.6669999999999996e-06 6.0708000000000002e-05
54 7.6249999999999998e-06 0.000106833
55 8.1659999999999994e-06 7.5875000000000001e-05
56 7.9170000000000006e-06 6.5667000000000007e-05
57 7.9999999999999996e-06 6.7541999999999998e-05
58 7.8339999999999999e-06 5.8167000000000001e-05
59 1.2167000000000001e-05 5.6208000000000001e-05
60 7.6249999999999998e-06 6.4957999999999997e-05
61 7.3339999999999996e-06 5.7000000000000003e-05
62 7.5839999999999997e-06 5.9916e-05
63 7.542e-06 6.3707999999999994e-05
64 7.7079999999999997e-06 6.7207999999999998e-05
65 7.542e-06 6.4832999999999994e-05
66 7.5000000000000002e-06 6.1500000000000004e-05
67 7.7079999999999997e-06 6.4750000000000002e-05
68 7.7090000000000002e-06 6.4166999999999997e-05
69 7.4590000000000001e-06 6.2707999999999997e-05
70 7.4170000000000003e-06 6.4166999999999997e-05
71 7.0840000000000003e-06 6.7625000000000004e-05
72 7.5410000000000003e-06 7.1249999999999997e-05
73 7.542e-06 6.3665999999999997e-05
74 7.7500000000000003e-06 7.5958999999999996e-05
75 6.5830000000000003e-06 6.5791999999999996e-05
76 6.3330000000000002e-06 5.8165999999999998e-05
77 6.5830000000000003e-06 5.575e-05
78 6.2500000000000003e-06 5.8542000000000003e-05
79 6.3749999999999999e-06 6.1416999999999998e-05
80 6.1249999999999998e-06 5.2667000000000002e-05
81 6.7089999999999996e-06 5.5374999999999998e-05
82 6.6669999999999999e-06 6.4250000000000003e-05
83 6.6660000000000002e-06 5.7250000000000002e-05
84 6.4999999999999996e-06 5.8125000000000003e-05
85 6.6660000000000002e-06 6.3792000000000002e-05
86 6.4169999999999997e-06 5.4292000000000001e-05
87 6.3749999999999999e-06 6.0250000000000001e-05
88 6.6250000000000001e-06 5.4625e-05
89 6.5830000000000003e-06 6.1124999999999995e-05
90 6.584e-06 5.4540999999999998e-05
91 6.3339999999999998e-06 5.3959000000000003e-05
92 1.025e-05 9.3875000000000005e-05
93 7.1250000000000004e-06 6.9208000000000006e-05
94 7.2910000000000002e-06 6.6375000000000001e-05
95 7.1250000000000004e-06 6.0541000000000002e-05
96 6.7089999999999996e-06 6.7082999999999995e-05
97 6.7089999999999996e-06 6.5083e-05
98 6.7920000000000004e-06 5.3916999999999999e-05
99 6.7499999999999997e-06 6.3707999999999994e-05
100 6.8329999999999996e-06 6.5541000000000001e-05
101 6.8340000000000001e-06 6.4832999999999994e-05
102 6.8750000000000002e-06 6.525e-05
103 6.9999999999999999e-06 6.1667000000000004e-05
104 6.917e-06 6.0999999999999999e-05
105 6.9999999999999999e-06 6.1291999999999995e-05
106 7.0419999999999997e-06 6.7000000000000002e-05
107 6.917e-06 6.5708000000000002e-05
108 6.8329999999999996e-06 7.9417000000000002e-05
109 7.2089999999999999e-06 6.8292000000000003e-05
110 6.7920000000000004e-06 5.8375000000000003e-05
111 2.0208999999999999e-05 9.3541000000000004e-05
112 7.1250000000000004e-06 6.9583000000000001e-05
113 7.1659999999999997e-06 6.7125000000000005e-05
114 6.8750000000000002e-06 6.7500000000000001e-05
115 6.9580000000000001e-06 5.9790999999999997e-05
116 6.584e-06 6.1542000000000001e-05
117 6.7920000000000004e-06 6.2125000000000006e-05
118 6.7499999999999997e-06 6.9292e-05
119 7.0419999999999997e-06 6.8499999999999998e-05
120 6.9580000000000001e-06 6.0541999999999997e-05
121 6.9999999999999999e-06 6.6666000000000002e-05
122 6.7499999999999997e-06 6.7292000000000006e-05
123 6.708e-06 6.4833999999999996e-05
124 6.5830000000000003e-06 6.2416999999999995e-05
125 6.4999999999999996e-06 5.7791000000000003e-05
126 7.0829999999999998e-06 6.1958000000000005e-05
127 6.917e-06 6.5749999999999999e-05
128 6.8329999999999996e-06 5.7624999999999998e-05
129 6.9580000000000001e-06 5.5415999999999999e-05
130 7.25e-06 5.8291999999999997e-05
131 6.8329999999999996e-06 6.0291999999999998e-05
132 7.1250000000000004e-06 6.7125000000000005e-05
133 6.9999999999999999e-06 6.3708999999999996e-05
134 6.4160000000000001e-06 0.00013100000000000001
135 7.6249999999999998e-06 8.5000000000000006e-05
136 7.5000000000000002e-06 7.8083000000000004e-05
137 7.542e-06 6.8665999999999996e-05
138 7.0840000000000003e-06 6.2707999999999997e-05
139 7.1659999999999997e-06 6.9624999999999998e-05
140 7.1250000000000004e-06 6.5833999999999993e-05
141 6.9160000000000004e-06 6.2707999999999997e-05
142 6.7909999999999999e-06 6.4750000000000002e-05
143 6.708e-06 6.2125000000000006e-05
144 6.8750000000000002e-06 7.0708000000000001e-05
145 7.0829999999999998e-06 7.0290999999999995e-05
146 6.5830000000000003e-06 6.8207999999999995e-05
147 6.7499999999999997e-06 6.5916999999999999e-05
148 6.2500000000000003e-06 6.2040999999999998e-05
149 6.1659999999999999e-06 6.1500000000000004e-05
150 6.0419999999999999e-06 5.9709e-05
151 6.0419999999999999e-06 6.3874999999999994e-05
152 5.9170000000000003e-06 8.4499999999999994e-05
153 6.2079999999999997e-06 7.0457999999999995e-05
154 6.1670000000000004e-06 6.9875000000000004e-05
155 6.2079999999999997e-06 8.2917000000000006e-05
156 6.4579999999999998e-06 6.7374999999999998e-05
157 6.3330000000000002e-06 6.1457999999999993e-05
158 6.5830000000000003e-06 6.7292000000000006e-05
159 6.1670000000000004e-06 6.1042000000000003e-05
160 6.2920000000000001e-06 6.6041e-05
161 6.2910000000000004e-06 6.8999999999999997e-05
162 6.0000000000000002e-06 6.4417000000000003e-05
163 6.2920000000000001e-06 6.0875000000000002e-05
164 6.2079999999999997e-06 5.9333999999999998e-05
165 6.1659999999999999e-06 5.7417000000000003e-05
166 6.2500000000000003e-06 6.0333e-05
167 6.6250000000000001e-06 6.2374999999999998e-05
168 6.4999999999999996e-06 6.4041000000000006e-05
169 6.0419999999999999e-06 6.2166000000000001e-05
170 5.7910000000000001e-06 5.7166999999999997e-05
171 5.9159999999999998e-06 6.525e-05
172 5.959e-06 6.2625000000000004e-05
173 6.0839999999999997e-06 5.6625000000000001e-05
174 6.1670000000000004e-06 6.5166999999999995e-05
175 6.4169999999999997e-06 6.3958e-05
176 6.4579999999999998e-06 6.5166000000000006e-05
177 6.3749999999999999e-06 6.2916000000000005e-05
178 6.3749999999999999e-06 6.1624999999999994e-05
179 6.1249999999999998e-06 6.5875000000000002e-05
180 6.2500000000000003e-06 6.3874999999999994e-05
181 6.4160000000000001e-06 6.9875000000000004e-05
182 6.1670000000000004e-06 0.00012433299999999999
183 6.5420000000000002e-06 7.8292000000000002e-05
184 6.917e-06 8.9166999999999995e-05
185 6.5830000000000003e-06 6.2374999999999998e-05
186 6.1659999999999999e-06 6.3e-05
187 6.2079999999999997e-06 5.6957999999999999e-05
188 6.2920000000000001e-06 6.1082999999999998e-05
189 6.4999999999999996e-06 6.9750000000000001e-05
190 6.3749999999999999e-06 6.2667000000000002e-05
191 6.2500000000000003e-06 6.8291000000000001e-05
192 6.1659999999999999e-06 6.3207999999999995e-05
193 6.2910000000000004e-06 7.0749999999999999e-05
194 6.3749999999999999e-06 6.4708000000000005e-05
195 6.2920000000000001e-06 6.8584000000000006e-05
196 6.0000000000000002e-06 6.5333000000000006e-05
197 5.9159999999999998e-06 6.5624999999999996e-05
198 6.2920000000000001e-06 6.3250000000000006e-05
199 6.2079999999999997e-06 6.4208000000000006e-05
200 6.083e-06 6.7708999999999998e-05
201 6.0000000000000002e-06 5.8125000000000003e-05
202 6.2079999999999997e-06 6.2791000000000002e-05
203 6.4999999999999996e-06 5.7417000000000003e-05
204 6.4169999999999997e-06 5.8332999999999999e-05
205 6.1249999999999998e-06 5.9917000000000002e-05
206 6.2079999999999997e-06 6.2582999999999994e-05
207 6.5409999999999997e-06 6.7749999999999993e-05
208 6.3749999999999999e-06 6.4583000000000002e-05
209 6.2500000000000003e-06 6.3874999999999994e-05
210 6.2910000000000004e-06 6.0458000000000003e-05
211 6.4999999999999996e-06 6.4917000000000002e-05
212 6.4169999999999997e-06 6.2708999999999999e-05
213 6.3749999999999999e-06 6.1500000000000004e-05
214 6.4999999999999996e-06 6.1749999999999997e-05
215 6.3339999999999998e-06 6.1209000000000003e-05
216 6.0839999999999997e-06 6.1500000000000004e-05
217 6.4169999999999997e-06 6.7540999999999996e-05
218 6.1249999999999998e-06 6.5958999999999996e-05
219 6.2500000000000003e-06 6.9750000000000001e-05
220 6.3339999999999998e-06 6.7999999999999999e-05
221 6.1249999999999998e-06 6.6124999999999995e-05
222 6.1249999999999998e-06 6.1082999999999998e-05
223 6.2500000000000003e-06 6.7958000000000002e-05
224 6.2920000000000001e-06 6.5791999999999996e-05
225 6.1249999999999998e-06 6.2000000000000003e-05
226 6.3749999999999999e-06 6.6291000000000006e-05
227 6.4160000000000001e-06 5.9791999999999999e-05
228 5.75e-06 5.6292000000000002e-05
229 5.7080000000000002e-06 5.8749999999999998e-05
230 5.6670000000000001e-06 6.1416999999999998e-05
231 5.6250000000000004e-06 5.6957999999999999e-05
232 5.8749999999999997e-06 5.8458999999999997e-05
233 5.8329999999999999e-06 6.3458000000000001e-05
234 5.6250000000000004e-06 0.000131583
235 6.2910000000000004e-06 6.8833999999999999e-05
236 5.6670000000000001e-06 6.1542000000000001e-05
237 5.6250000000000004e-06 6.2416999999999995e-05
238 5.75e-06 5.9833999999999997e-05
239 5.3750000000000002e-06 5.4500000000000003e-05
240 5.417e-06 7.5084000000000001e-05
241 6.0000000000000002e-06 6.4165999999999995e-05
242 6.083e-06 0.00012866700000000001
243 5.7080000000000002e-06 0.00019429199999999999
244 6.4999999999999996e-06 6.6042000000000002e-05
245 5.5829999999999997e-06 6.5166999999999995e-05
246 5.7919999999999998e-06 5.9125000000000001e-05
247 5.541e-06 5.8999999999999998e-05
248 5.8329999999999999e-06 5.9750000000000002e-05
249 5.6670000000000001e-06 6.1415999999999996e-05
250 5.6250000000000004e-06 5.4666000000000001e-05
251 5.7080000000000002e-06 5.8832999999999997e-05
252 5.8749999999999997e-06 6.0541999999999997e-05
253 5.9170000000000003e-06 5.7833e-05
254 5.959e-06 6.1458999999999996e-05
255 5.9580000000000004e-06 6.0832999999999998e-05
256 5.9170000000000003e-06 6.2625000000000004e-05
257 6.0419999999999999e-06 6.0541000000000002e-05
258 5.8749999999999997e-06 5.5917e-05
259 5.75e-06 5.7083000000000002e-05
260 5.9580000000000004e-06 5.8332999999999999e-05
261 5.4999999999999999e-06 5.3708000000000001e-05
262 6.0839999999999997e-06 5.9833000000000001e-05
263 6.0000000000000002e-06 6.1375000000000001e-05
264 6.0419999999999999e-06 6.4832999999999994e-05
265 5.8340000000000004e-06 5.9166999999999998e-05
266 5.8340000000000004e-06 6.0541000000000002e-05
267 5.9170000000000003e-06 5.7707999999999997e-05
268 6.0000000000000002e-06 6.2334000000000003e-05
269 5.9580000000000004e-06 6.1542000000000001e-05
270 5.8749999999999997e-06 6.2500000000000001e-05
271 5.8749999999999997e-06 5.7874999999999997e-05
272 5.75e-06 5.9290999999999999e-05
273 5.6670000000000001e-06 5.7958000000000003e-05
274 5.9170000000000003e-06 5.9583000000000002e-05
275 6.0000000000000002e-06 5.7958000000000003e-05
276 5.8749999999999997e-06 5.7917000000000001e-05
277 5.9170000000000003e-06 5.5791000000000002e-05
278 5.8340000000000004e-06 5.4082999999999997e-05
279 6.1670000000000004e-06 6.1333000000000004e-05
280 6.0000000000000002e-06 6.0374999999999997e-05
281 5.8329999999999999e-06 5.5667000000000001e-05
282 5.7080000000000002e-06 6.1875e-05
283 6.1249999999999998e-06 6.2416999999999995e-05
284 6.083e-06 6.0582999999999999e-05
285 5.75e-06 5.3665999999999997e-05
286 5.75e-06 6.6082999999999997e-05
287 6.2500000000000003e-06 7.2083999999999996e-05
288 6.1670000000000004e-06 6.1958999999999994e-05
289 5.8749999999999997e-06 5.6416000000000003e-05
290 5.6250000000000004e-06 5.7750000000000001e-05
291 5.5419999999999996e-06 5.4416999999999998e-05
292 5.4999999999999999e-06 5.6666999999999998e-05
293 5.2909999999999998e-06 6.0791999999999997e-05
294 5.417e-06 6.0250000000000001e-05
295 5.4160000000000003e-06 5.8666999999999999e-05
296 5.4589999999999997e-06 5.7500000000000002e-05
297 5.4589999999999997e-06 5.6084e-05
298 5.2499999999999997e-06 5.2791999999999999e-05
299 5.1250000000000001e-06 5.0207999999999998e-05
300 5.2499999999999997e-06 5.1084000000000001e-05
301 5.2499999999999997e-06 5.3124999999999997e-05
302 5.2499999999999997e-06 5.4709000000000001e-05
303 5.1250000000000001e-06 5.1958e-05
304 5.2079999999999999e-06 5.6166999999999999e-05
305 4.9579999999999998e-06 5.7042e-05
306 5.1669999999999998e-06 5.7791000000000003e-05
307 5.4160000000000003e-06 5.3916999999999999e-05
308 5.417e-06 5.8832999999999997e-05
309 5.541e-06 5.7500000000000002e-05
310 5.4999999999999999e-06 5.5999999999999999e-05
311 5.4580000000000001e-06 5.7958000000000003e-05
312 5.4999999999999999e-06 5.8625000000000002e-05
313 5.417e-06 5.7166000000000001e-05
314 5.2089999999999996e-06 4.8665999999999998e-05
315 5.2909999999999998e-06 5.3875000000000002e-05
316 5.2079999999999999e-06 5.1332999999999998e-05
317 5.5419999999999996e-06 5.4750000000000003e-05
318 5.4999999999999999e-06 5.4542000000000001e-05
319 5.5829999999999997e-06 5.8167000000000001e-05
320 5.75e-06 5.9791999999999999e-05
321 5.4589999999999997e-06 5.6666000000000003e-05
322 5.417e-06 5.6792000000000001e-05
323 5.3329999999999996e-06 5.1958e-05
324 5.417e-06 5.2500000000000002e-05
325 5.6670000000000001e-06 5.9042000000000002e-05
326 5.5419999999999996e-06 5.3708000000000001e-05
327 5.9580000000000004e-06 5.6582999999999997e-05
328 6.0000000000000002e-06 6.9957999999999997e-05
329 5.6250000000000004e-06 5.7624999999999998e-05
330 5.7919999999999998e-06 5.3958000000000001e-05
331 5.4580000000000001e-06 5.4209000000000002e-05
332 5.417e-06 6.0124999999999998e-05
333 5.2909999999999998e-06 5.5167000000000002e-05
334 5.2079999999999999e-06 5.5958000000000002e-05
335 5.2499999999999997e-06 5.5000000000000002e-05
336 5.3750000000000002e-06 5.6792000000000001e-05
337 5.1250000000000001e-06 4.8958000000000001e-05
338 5.1250000000000001e-06 5.1458000000000001e-05
339 5.2920000000000003e-06 6.0083000000000001e-05
340 5.2909999999999998e-06 5.5374999999999998e-05
341 5.3329999999999996e-06 5.6499999999999998e-05
342 5.2499999999999997e-06 5.5915999999999998e-05
343 5.1669999999999998e-06 5.4292000000000001e-05
344 5.2079999999999999e-06 5.7583000000000001e-05
345 5.4160000000000003e-06 5.9042000000000002e-05
346 6.3330000000000002e-06 6.8499999999999998e-05
347 5.6250000000000004e-06 5.6790999999999999e-05
348 5.5500000000000001e-05 0.000147792
349 6.6250000000000001e-06 8.1959000000000006e-05
350 6.3749999999999999e-06 6.0791999999999997e-05
351 5.75e-06 5.3959000000000003e-05
352 5.5829999999999997e-06 4.7666000000000001e-05
353 5.5419999999999996e-06 5.1499999999999998e-05
354 5.8329999999999999e-06 5.0667000000000001e-05
355 5.6250000000000004e-06 5.5458000000000003e-05
356 5.75e-06 5.3542000000000003e-05
357 5.3340000000000001e-06 4.8625000000000003e-05
358 5.417e-06 5.0875000000000003e-05
359 5.3329999999999996e-06 5.4959e-05
360 5.0830000000000003e-06 5.1459000000000003e-05
361 5.1660000000000002e-06 5.4375e-05
362 5.0409999999999997e-06 5.3959000000000003e-05
363 5.0420000000000002e-06 4.9792e-05
364 5.2499999999999997e-06 5.4125000000000001e-05
365 5.1669999999999998e-06 5.4125000000000001e-05
366 5.2920000000000003e-06 5.5875000000000003e-05
367 5.0409999999999997e-06 5.2500000000000002e-05
368 5.3329999999999996e-06 5.1666999999999998e-05
369 5.0000000000000004e-06 5.4625e-05
370 5.3329999999999996e-06 5.4666999999999997e-05
371 5.2920000000000003e-06 5.0083000000000001e-05
372 5.2079999999999999e-06 4.9957999999999998e-05
373 5.7919999999999998e-06 5.0250000000000002e-05
374 4.8330000000000001e-06 5.2083000000000003e-05
375 4.9590000000000003e-06 4.4333999999999999e-05
376 4.9169999999999997e-06 4.9375000000000001e-05
377 4.792e-06 5.5207999999999997e-05
378 5.2089999999999996e-06 5.2290999999999998e-05
379 5.1669999999999998e-06 5.1792000000000002e-05
380 5.0000000000000004e-06 5.3458999999999998e-05
381 5.1669999999999998e-06 5.1582999999999997e-05
382 5.1669999999999998e-06 5.3582999999999998e-05
383 5.4589999999999997e-06 5.5999999999999999e-05
384 5.541e-06 5.6625000000000001e-05
385 5.2920000000000003e-06 5.1041999999999997e-05
386 5.3340000000000001e-06 5.3375000000000003e-05
387 5.3750000000000002e-06 5.2916e-05
388 5.0409999999999997e-06 5.1292000000000003e-05
389 5.3750000000000002e-06 5.2042000000000001e-05
390 5.2920000000000003e-06 5.2624999999999998e-05
391 5.1250000000000001e-06 5.0417000000000002e-05
392 5.2920000000000003e-06 5.3165999999999999e-05
393 5.3340000000000001e-06 5.3625000000000002e-05
394 5.2089999999999996e-06 4.9916000000000001e-05
395 5.3750000000000002e-06 5.5207999999999997e-05
396 5.2920000000000003e-06 5.2957999999999997e-05
397 5.3329999999999996e-06 5.3083e-05
398 5.1250000000000001e-06 5.2292e-05
399 5.3340000000000001e-06 5.1666000000000003e-05
400 5.0000000000000004e-06 4.7375e-05
401 5.0839999999999999e-06 4.2957999999999998e-05
402 5.2089999999999996e-06 4.9874999999999999e-05
403 5.2079999999999999e-06 5.1416999999999999e-05
404 5.4589999999999997e-06 4.9625e-05
405 5.0000000000000004e-06 4.8625000000000003e-05
406 4.916e-06 5.1499999999999998e-05
407 5.0420000000000002e-06 5.3375000000000003e-05
408 4.9590000000000003e-06 5.6459000000000003e-05
409 4.8749999999999999e-06 5.0207999999999998e-05
410 5.4580000000000001e-06 5.0791999999999998e-05
411 4.9590000000000003e-06 5.2624999999999998e-05
412 4.8339999999999998e-06 5.3000000000000001e-05
413 4.8339999999999998e-06 5.0875000000000003e-05
414 4.8330000000000001e-06 4.9249999999999998e-05
415 4.9579999999999998e-06 5.4583000000000002e-05
416 5.2499999999999997e-06 5.1041999999999997e-05
417 5.1250000000000001e-06 5.3208000000000003e-05
418 5.2499999999999997e-06 5.2250000000000003e-05
419 5.2499999999999997e-06 5.3708000000000001e-05
420 5.2089999999999996e-06 5.4041e-05
421 5.3340000000000001e-06 5.2040999999999999e-05
422 5.3329999999999996e-06 5.4333000000000003e-05
423 5.2499999999999997e-06 4.9249999999999998e-05
424 5.2499999999999997e-06 5.2791000000000003e-05
425 5.1669999999999998e-06 5.3083e-05
426 5.1250000000000001e-06 5.1208000000000002e-05
427 5.2909999999999998e-06 5.2750000000000001e-05
428 5.3340000000000001e-06 5.2916e-05
429 4.792e-06 5.8041999999999998e-05
430 5.6670000000000001e-06 5.6625000000000001e-05
431 5.2920000000000003e-06 5.0417000000000002e-05
432 5.3750000000000002e-06 5.4833000000000002e-05
433 5.2499999999999997e-06 5.3458000000000002e-05
434 5.2920000000000003e-06 4.8167000000000001e-05
435 4.8339999999999998e-06 0.00012820900000000001
436 6.2920000000000001e-06 6.0041999999999999e-05
437 5.2499999999999997e-06 6.0333e-05
438 5.1250000000000001e-06 5.5584000000000002e-05
439 5.2499999999999997e-06 4.8250000000000001e-05
440 5.2089999999999996e-06 5.0584000000000002e-05
441 5.0839999999999999e-06 4.9957999999999998e-05
442 5.0420000000000002e-06 4.6375000000000002e-05
443 5.2499999999999997e-06 4.9833000000000002e-05
444 5.0830000000000003e-06 5.1792000000000002e-05
445 5.0409999999999997e-06 5.6582999999999997e-05
446 5.0409999999999997e-06 5.3959000000000003e-05
447 5.0830000000000003e-06 5.4666999999999997e-05
448 4.9579999999999998e-06 4.6666999999999999e-05
449 5.0420000000000002e-06 4.7624999999999999e-05
450 5.0000000000000004e-06 4.9209000000000003e-05
451 5.0420000000000002e-06 4.9082999999999997e-05
452 5.0409999999999997e-06 5.0417000000000002e-05
453 4.8749999999999999e-06 5.0917000000000001e-05
454 5.0000000000000004e-06 5.4416000000000002e-05
455 4.8749999999999999e-06 5.0708999999999998e-05
456 4.9169999999999997e-06 5.1582999999999997e-05
457 4.8330000000000001e-06 4.9792e-05
458 4.916e-06 5.1041999999999997e-05
459 5.0830000000000003e-06 5.4333000000000003e-05
460 5.0000000000000004e-06 5.2374999999999999e-05
461 4.9169999999999997e-06 5.0915999999999998e-05
462 5.0000000000000004e-06 5.4166999999999998e-05
463 5.0839999999999999e-06 5.3208999999999998e-05
464 5.1669999999999998e-06 5.4790999999999998e-05
465 5.0830000000000003e-06 5.1499999999999998e-05
466 5.0000000000000004e-06 4.9332999999999997e-05
467 5.0830000000000003e-06 4.9082999999999997e-05
468 4.8749999999999999e-06 0.000103708
469 5.1250000000000001e-06 6.8665999999999996e-05
470 5.1669999999999998e-06 5.5166e-05
471 5.0839999999999999e-06 5.7624999999999998e-05
472 5.0420000000000002e-06 5.1332999999999998e-05
473 5.1250000000000001e-06 4.8541999999999997e-05
474 4.7500000000000003e-06 4.6458000000000001e-05
475 1.1917e-05 5.9833000000000001e-05
476 5.2920000000000003e-06 5.4082999999999997e-05
477 5.1250000000000001e-06 5.0374999999999998e-05
478 5.2909999999999998e-06 5.1375000000000002e-05
479 5.1660000000000002e-06 5.2166999999999997e-05
480 5.1250000000000001e-06 5.1208000000000002e-05
481 5.1250000000000001e-06 5.2250000000000003e-05
482 4.9169999999999997e-06 4.8000000000000001e-05
483 4.8749999999999999e-06 5.3417e-05
484 4.916e-06 5.4125000000000001e-05
485 5.0420000000000002e-06 5.1249999999999999e-05
486 4.792e-06 4.7833000000000001e-05
487 4.583e-06 4.8167000000000001e-05
488 4.6659999999999999e-06 4.6999999999999997e-05
489 4.583e-06 4.4209000000000003e-05
490 4.7090000000000001e-06 5.1416999999999999e-05
491 4.8330000000000001e-06 4.7500000000000003e-05
492 4.9590000000000003e-06 5.0875000000000003e-05
493 4.7910000000000004e-06 4.9542000000000001e-05
494 4.7500000000000003e-06 8.4458999999999999e-05
495 5.2079999999999999e-06 8.8374999999999993e-05
496 4.9579999999999998e-06 5.0541000000000003e-05
497 5.0420000000000002e-06 5.3458999999999998e-05
498 4.9169999999999997e-06 5.0541000000000003e-05
499 4.8749999999999999e-06 5.1999999999999997e-05
500 5.0830000000000003e-06 5.2624999999999998e-05
501 5.2499999999999997e-06 5.3083e-05
502 5.2499999999999997e-06 5.1542000000000002e-05
503 4.9590000000000003e-06 4.6999999999999997e-05
504 4.7910000000000004e-06 5.0791999999999998e-05
505 4.6670000000000004e-06 4.6499999999999999e-05
506 4.7500000000000003e-06 4.5042e-05
507 4.8339999999999998e-06 5.0832999999999999e-05
508 4.6249999999999998e-06 4.7333999999999998e-05
509 4.5839999999999996e-06 4.3875000000000003e-05
510 5.0420000000000002e-06 4.7042000000000001e-05
511 4.9590000000000003e-06 4.375e-05
512 4.9169999999999997e-06 4.1749999999999998e-05
513 5.0000000000000004e-06 4.3124999999999998e-05
514 4.7500000000000003e-06 4.8665999999999998e-05
515 4.7500000000000003e-06 4.8458000000000003e-05
516 4.5419999999999999e-06 5.1082999999999999e-05
517 4.5410000000000002e-06 4.3958999999999997e-05
518 4.7079999999999996e-06 6.5291999999999998e-05
519 4.8330000000000001e-06 4.7709e-05
520 5.0000000000000004e-06 5.0083000000000001e-05
521 5.1250000000000001e-06 5.3667e-05
522 4.8749999999999999e-06 4.9959000000000001e-05
523 4.9590000000000003e-06 5.1709000000000002e-05
524 4.916e-06 4.6334000000000001e-05
525 4.9169999999999997e-06 4.8124999999999997e-05
526 4.9579999999999998e-06 4.9583000000000003e-05
527 4.9169999999999997e-06 4.5707999999999997e-05
528 4.8749999999999999e-06 5.0207999999999998e-05
529 4.8749999999999999e-06 4.8334000000000002e-05
530 4.8749999999999999e-06 4.8916999999999999e-05
531 4.9579999999999998e-06 5.1959000000000002e-05
532 4.7079999999999996e-06 5.6749999999999997e-05
533 4.792e-06 5.7750000000000001e-05
534 5.0420000000000002e-06 0.00011175000000000001
535 6.3749999999999999e-06 7.8541999999999994e-05
536 5.0000000000000004e-06 9.2916000000000003e-05
537 5.3329999999999996e-06 5.1208000000000002e-05
538 4.6659999999999999e-06 0.00017141699999999999
539 5.75e-06 0.000121209
540 1.0458e-05 8.2332999999999999e-05
541 5.1250000000000001e-06 5.5708000000000003e-05
542 6.4169999999999997e-06 6.3458000000000001e-05
543 5.0420000000000002e-06 6.9375000000000006e-05
544 6.5830000000000003e-06 4.4082999999999998e-05
545 4.8339999999999998e-06 4.3374999999999997e-05
546 5.0830000000000003e-06 4.6458000000000001e-05
547 4.9590000000000003e-06 4.7958999999999999e-05
548 4.8330000000000001e-06 4.5791999999999998e-05
549 4.7500000000000003e-06 4.1458000000000002e-05
550 5.0000000000000004e-06 4.3208999999999999e-05
551 5.0000000000000004e-06 4.5667000000000002e-05
552 4.8749999999999999e-06 4.6041999999999997e-05
553 4.792e-06 4.6375000000000002e-05
554 4.6659999999999999e-06 4.6e-05
555 4.7090000000000001e-06 4.375e-05
556 4.6249999999999998e-06 4.2624999999999999e-05
557 4.7079999999999996e-06 4.6499999999999999e-05
558 4.7500000000000003e-06 4.8749999999999999e-05
559 4.8330000000000001e-06 4.8000000000000001e-05
560 4.8330000000000001e-06 4.8999999999999998e-05
561 4.6670000000000004e-06 4.375e-05
562 4.6249999999999998e-06 4.4166999999999999e-05
563 4.7910000000000004e-06 4.3708000000000002e-05
564 4.7910000000000004e-06 4.4208000000000001e-05
565 4.8330000000000001e-06 4.9583000000000003e-05
566 4.8749999999999999e-06 4.6041000000000002e-05
567 5.0420000000000002e-06 4.6375000000000002e-05
568 4.8330000000000001e-06 4.6916999999999998e-05
569 4.792e-06 5.0541000000000003e-05
570 4.7500000000000003e-06 4.8374999999999997e-05
571 4.7500000000000003e-06 4.7791999999999999e-05
572 4.8749999999999999e-06 4.7790999999999997e-05
573 4.9169999999999997e-06 4.6292000000000003e-05
574 4.792e-06 4.7333000000000002e-05
575 4.6670000000000004e-06 4.7500000000000003e-05
576 4.7910000000000004e-06 4.7833000000000001e-05
577 4.8330000000000001e-06 4.5334000000000003e-05
578 4.792e-06 4.7624999999999999e-05
579 4.7500000000000003e-06 4.2709000000000001e-05
580 4.8749999999999999e-06 4.3000000000000002e-05
581 4.7079999999999996e-06 4.3667000000000001e-05
582 4.7500000000000003e-06 4.3582999999999999e-05
583 5.0000000000000004e-06 4.7707999999999998e-05
584 4.7910000000000004e-06 4.2750000000000002e-05
585 4.8749999999999999e-06 4.7874999999999998e-05
586 4.9579999999999998e-06 4.5042e-05
587 4.6670000000000004e-06 4.2333000000000003e-05
588 4.8749999999999999e-06 4.7833000000000001e-05
589 4.9169999999999997e-06 4.5541000000000003e-05
590 4.8330000000000001e-06 4.9375000000000001e-05
591 5.0420000000000002e-06 5.0124999999999999e-05
592 4.8749999999999999e-06 4.7833000000000001e-05
593 4.4580000000000003e-06 6.2540999999999996e-05
594 4.7500000000000003e-06 5.4166000000000003e-05
595 4.7910000000000004e-06 5.1916999999999998e-05
596 4.6249999999999998e-06 4.9583000000000003e-05
597 4.792e-06 4.8916999999999999e-05
598 4.7079999999999996e-06 4.6666999999999999e-05
599 4.5410000000000002e-06 4.3708999999999998e-05
600 4.5419999999999999e-06 4.4875e-05
601 4.3749999999999996e-06 4.5417000000000002e-05
602 4.4159999999999997e-06 4.5750000000000001e-05
603 4.792e-06 4.8458999999999998e-05
604 4.6249999999999998e-06 4.6e-05
605 4.916e-06 4.8084000000000002e-05
606 4.7079999999999996e-06 4.7083000000000003e-05
607 4.7500000000000003e-06 5.1792000000000002e-05
608 4.8330000000000001e-06 4.8584000000000001e-05
609 4.5000000000000001e-06 4.7542e-05
610 4.7910000000000004e-06 4.7292000000000001e-05
611 4.7500000000000003e-06 4.3832999999999999e-05
612 4.583e-06 4.7750000000000002e-05
613 4.5839999999999996e-06 4.6249999999999999e-05
614 4.5410000000000002e-06 4.7583000000000002e-05
615 4.3749999999999996e-06 4.3791999999999997e-05
616 4.5419999999999999e-06 4.1167000000000001e-05
617 4.7500000000000003e-06 4.1665999999999997e-05
618 4.583e-06 4.0042e-05
619 4.6670000000000004e-06 3.9125000000000002e-05
620 4.792e-06 4.3999999999999999e-05
621 4.6670000000000004e-06 4.4916999999999997e-05
622 4.7500000000000003e-06 4.4249999999999998e-05
623 4.7500000000000003e-06 4.6375000000000002e-05
624 4.7500000000000003e-06 4.3207999999999997e-05
625 4.7500000000000003e-06 4.35e-05
626 4.7079999999999996e-06 4.4875e-05
627 4.7910000000000004e-06 4.5167000000000003e-05
628 4.6249999999999998e-06 4.4749999999999997e-05
629 4.6249999999999998e-06 4.3208999999999999e-05
630 4.792e-06 4.1582999999999998e-05
631 4.7500000000000003e-06 4.8875000000000002e-05
632 4.6249999999999998e-06 4.6415999999999997e-05
633 4.5000000000000001e-06 4.6375000000000002e-05
634 4.583e-06 4.6791e-05
635 4.6670000000000004e-06 4.8124999999999997e-05
636 4.459e-06 4.2500000000000003e-05
637 4.5839999999999996e-06 4.6625000000000002e-05
638 4.5419999999999999e-06 4.1749999999999998e-05
639 4.5839999999999996e-06 4.4625e-05
640 4.6659999999999999e-06 4.4249999999999998e-05
641 4.583e-06 4.1582999999999998e-05
642 4.6659999999999999e-06 4.8667e-05
643 4.4580000000000003e-06 4.7833000000000001e-05
644 4.25e-06 6.4542000000000006e-05
645 5.2079999999999999e-06 4.9917000000000003e-05
646 5.2499999999999997e-06 4.6458000000000001e-05
647 4.916e-06 4.6584e-05
648 4.9169999999999997e-06 4.5000000000000003e-05
649 5.0000000000000004e-06 4.4749999999999997e-05
650 4.5000000000000001e-06 4.5541000000000003e-05
651 4.2910000000000001e-06 6.9250000000000003e-05
652 4.5419999999999999e-06 0.00010254100000000001
653 4.7079999999999996e-06 4.9709000000000001e-05
654 4.9579999999999998e-06 4.4542000000000001e-05
655 4.583e-06 5.7624999999999998e-05
656 5.0000000000000004e-06 5.0000000000000002e-05
657 4.916e-06 4.4042000000000003e-05
658 5.0000000000000004e-06 5.3708000000000001e-05
659 5.0830000000000003e-06 5.0000000000000002e-05
660 4.8330000000000001e-06 4.9666999999999997e-05
661 4.8749999999999999e-06 4.9833000000000002e-05
662 4.583e-06 5.7292e-05
663 4.7079999999999996e-06 5.3958000000000001e-05
664 4.4580000000000003e-06 4.3832999999999999e-05
665 4.5000000000000001e-06 4.7667000000000003e-05
666 4.2919999999999997e-06 4.1625000000000002e-05
667 4.25e-06 4.3207999999999997e-05
668 4.2080000000000002e-06 4.2667000000000003e-05
669 5.2499999999999997e-06 4.5874999999999997e-05
670 1.275e-05 8.5624999999999994e-05
671 4.5000000000000001e-06 5.0124999999999999e-05
672 5.8329999999999999e-06 5.1458000000000001e-05
673 5.4589999999999997e-06 4.6165999999999998e-05
674 5.3750000000000002e-06 4.8333e-05
675 5.3750000000000002e-06 4.8959000000000003e-05
676 4.5419999999999999e-06 4.5541000000000003e-05
677 4.5000000000000001e-06 4.8582999999999999e-05
678 5.0830000000000003e-06 4.4165999999999997e-05
679 4.4170000000000002e-06 4.9542000000000001e-05
680 4.583e-06 4.8458000000000003e-05
681 4.5000000000000001e-06 5.1999999999999997e-05
682 4.5000000000000001e-06 4.9125000000000001e-05
683 4.6659999999999999e-06 4.9792e-05
684 4.6249999999999998e-06 5.0584000000000002e-05
685 5.3750000000000002e-06 4.85e-05
686 5.3329999999999996e-06 5.1e-05
687 5.2920000000000003e-06 5.1332999999999998e-05
688 5.4160000000000003e-06 4.7250000000000003e-05
689 5.3750000000000002e-06 4.7500000000000003e-05
690 5.0000000000000004e-06 4.1332999999999999e-05
691 5.3329999999999996e-06 4.7834000000000003e-05
692 5.4999999999999999e-06 4.4749999999999997e-05
693 5.3329999999999996e-06 4.1124999999999997e-05
694 5.541e-06 4.8124999999999997e-05
695 5.6670000000000001e-06 4.6125000000000003e-05
696 5.4999999999999999e-06 4.6084000000000001e-05
697 5.4589999999999997e-06 4.6708000000000001e-05
698 5.4999999999999999e-06 4.9041e-05
699 5.4999999999999999e-06 4.6458999999999997e-05
700 5.6250000000000004e-06 4.5958000000000003e-05
701 5.7089999999999999e-06 4.7500000000000003e-05
702 5.3750000000000002e-06 5.0958000000000002e-05
703 5.3340000000000001e-06 4.6e-05
704 5.3750000000000002e-06 4.8167000000000001e-05
705 5.5419999999999996e-06 4.6708000000000001e-05
706 5.4160000000000003e-06 4.3999999999999999e-05
707 5.2909999999999998e-06 4.9833999999999998e-05
708 5.3329999999999996e-06 4.8708000000000002e-05
709 5.417e-06 5.1208000000000002e-05
710 5.417e-06 5.2500000000000002e-05
711 5.1250000000000001e-06 4.4542000000000001e-05
712 5.3329999999999996e-06 5.3083e-05
713 5.1669999999999998e-06 4.7583000000000002e-05
714 5.3340000000000001e-06 4.9042000000000002e-05
715 5.1669999999999998e-06 4.6875000000000001e-05
716 5.5829999999999997e-06 5.1082999999999999e-05
717 5.4999999999999999e-06 5.3708000000000001e-05
718 5.417e-06 5.2040999999999999e-05
719 5.4999999999999999e-06 5.0334000000000003e-05
720 5.417e-06 5.0416e-05
721 5.4580000000000001e-06 4.9458e-05
722 5.4999999999999999e-06 4.8667e-05
723 5.3750000000000002e-06 4.9416000000000003e-05
724 5.4160000000000003e-06 4.7042000000000001e-05
725 5.4999999999999999e-06 4.5167000000000003e-05
726 5.4999999999999999e-06 5.0541000000000003e-05
727 5.4160000000000003e-06 4.6792000000000002e-05
728 5.4999999999999999e-06 4.7250000000000003e-05
729 5.4589999999999997e-06 4.6334000000000001e-05
730 1.8542e-05 6.3292000000000003e-05
731 4.792e-06 4.4957999999999999e-05
732 4.7910000000000004e-06 4.4209000000000003e-05
733 4.5000000000000001e-06 4.2500000000000003e-05
734 5.5840000000000002e-06 4.7457999999999999e-05
735 5.3340000000000001e-06 4.1e-05
736 5.2909999999999998e-06 4.6999999999999997e-05
737 5.2079999999999999e-06 4.7791999999999999e-05
738 5.2909999999999998e-06 5.1459000000000003e-05
739 5.4999999999999999e-06 4.9583000000000003e-05
740 5.2499999999999997e-06 4.9750000000000003e-05
741 5.4580000000000001e-06 5.0875000000000003e-05
742 5.2499999999999997e-06 5.2083000000000003e-05
743 5.417e-06 5.075e-05
744 5.4580000000000001e-06 5.6458000000000001e-05
745 5.2920000000000003e-06 5.3625000000000002e-05
746 5.2089999999999996e-06 4.7540999999999998e-05
747 5.2079999999999999e-06 5.1332999999999998e-05
748 5.417e-06 5.1082999999999999e-05
749 5.2499999999999997e-06 5.0374999999999998e-05
750 5.2499999999999997e-06 5.0791000000000002e-05
751 5.1250000000000001e-06 4.9874999999999999e-05
752 4.7090000000000001e-06 5.6708e-05
753 5.4580000000000001e-06 5.3417e-05
754 4.3329999999999998e-06 6.2292000000000006e-05
755 4.7079999999999996e-06 5.6082999999999998e-05
756 5.75e-06 4.6e-05
757 5.6659999999999996e-06 4.6916999999999998e-05
758 5.5419999999999996e-06 4.8541999999999997e-05
759 5.3750000000000002e-06 4.6458999999999997e-05
760 5.417e-06 5.4957999999999998e-05
761 4.4580000000000003e-06 8.8583000000000002e-05
762 6.1249999999999998e-06 6.1042000000000003e-05
763 5.5419999999999996e-06 5.1833000000000003e-05
764 4.8330000000000001e-06 5.0875000000000003e-05
765 5.5419999999999996e-06 5.1125000000000003e-05
766 5.4999999999999999e-06 5.6208000000000001e-05
767 5.5419999999999996e-06 4.8625000000000003e-05
768 5.417e-06 4.8875000000000002e-05
769 5.6250000000000004e-06 5.3916999999999999e-05
770 5.5840000000000002e-06 5.1125000000000003e-05
771 5.3340000000000001e-06 5.3000000000000001e-05
772 5.1250000000000001e-06 4.0667000000000002e-05
773 5.2089999999999996e-06 4.5584000000000003e-05
774 5.4999999999999999e-06 5.2624999999999998e-05
775 5.3329999999999996e-06 4.6084000000000001e-05
776 5.2920000000000003e-06 5.1041999999999997e-05
777 5.3750000000000002e-06 5.4125000000000001e-05
778 5.3329999999999996e-06 4.8541999999999997e-05
779 4.3329999999999998e-06 4.5124999999999999e-05
780 4.1659999999999996e-06 4.7375e-05
781 5.0830000000000003e-06 4.7290999999999998e-05
782 5.417e-06 4.8708999999999997e-05
783 5.4160000000000003e-06 5.1666999999999998e-05
784 5.2499999999999997e-06 4.8832999999999998e-05
785 5.7919999999999998e-06 4.8749999999999999e-05
786 5.417e-06 4.3708000000000002e-05
787 5.4999999999999999e-06 4.9750000000000003e-05
788 5.3750000000000002e-06 5.2540999999999997e-05
789 5.3329999999999996e-06 5.0124999999999999e-05
790 5.3750000000000002e-06 5.2791000000000003e-05
791 5.417e-06 5.0124999999999999e-05
792 5.3329999999999996e-06 5.6416000000000003e-05
793 5.2079999999999999e-06 4.8167000000000001e-05
794 4.459e-06 5.8332999999999999e-05
795 4.7500000000000003e-06 5.0791999999999998e-05
796 4.6249999999999998e-06 4.9208e-05
797 4.5839999999999996e-06 4.7874999999999998e-05
798 4.5000000000000001e-06 4.7292000000000001e-05
799 4.4580000000000003e-06 4.4042000000000003e-05
800 4.2919999999999997e-06 4.0624999999999998e-05
801 4.6670000000000004e-06 5.7040999999999998e-05
802 9.7920000000000004e-06 5.7207999999999998e-05
803 5.5829999999999997e-06 4.7500000000000003e-05
804 5.2089999999999996e-06 4.8875000000000002e-05
805 5.5419999999999996e-06 4.3000000000000002e-05
806 5.4589999999999997e-06 4.5374999999999998e-05
807 4.9579999999999998e-06 4.9332999999999997e-05
808 5.7080000000000002e-06 4.8458000000000003e-05
809 5.4999999999999999e-06 4.5250000000000002e-05
810 5.417e-06 5.0000000000000002e-05
811 5.4999999999999999e-06 4.8208000000000003e-05
812 5.4999999999999999e-06 5.4707999999999999e-05
813 5.3329999999999996e-06 4.4458e-05
814 5.541e-06 4.8124999999999997e-05
815 5.3340000000000001e-06 4.7292000000000001e-05
816 5.1250000000000001e-06 4.6291000000000001e-05
817 5.2499999999999997e-06 4.6666999999999999e-05
818 5.3329999999999996e-06 4.9208e-05
819 4.7500000000000003e-06 4.8749999999999999e-05
820 5.2909999999999998e-06 4.3458999999999998e-05
821 4.0829999999999997e-06 3.7499999999999997e-05
822 4.2089999999999999e-06 4.4416999999999998e-05
823 4.2089999999999999e-06 4.4458e-05
824 4.2089999999999999e-06 4.3999999999999999e-05
825 3.9999999999999998e-06 3.9833000000000003e-05
826 3.9999999999999998e-06 4.0333000000000002e-05
827 3.9169999999999999e-06 4.0667000000000002e-05
828 4.2080000000000002e-06 4.7375e-05
829 4.1670000000000001e-06 4.7125e-05
830 4.2910000000000001e-06 4.8999999999999998e-05
831 4.7079999999999996e-06 4.8625000000000003e-05
832 4.5410000000000002e-06 4.2707999999999998e-05
833 4.4170000000000002e-06 4.5291999999999999e-05
834 4.3329999999999998e-06 4.7874999999999998e-05
835 4.1670000000000001e-06 4.5791000000000003e-05
836 5.0839999999999999e-06 4.7583999999999997e-05
837 5.1250000000000001e-06 4.3541999999999997e-05
838 4.2910000000000001e-06 4.1999999999999998e-05
839 4.459e-06 4.4833000000000003e-05
840 5.417e-06 4.1749999999999998e-05
841 5.3750000000000002e-06 4.6584e-05
842 5.4999999999999999e-06 4.8333e-05
843 5.3329999999999996e-06 4.8541999999999997e-05
844 5.417e-06 4.7833000000000001e-05
845 5.2079999999999999e-06 4.0459e-05
846 5.3340000000000001e-06 4.3167000000000002e-05
847 5.3750000000000002e-06 4.2583000000000002e-05
848 5.5419999999999996e-06 4.7666000000000001e-05
849 4.4580000000000003e-06 4.5833e-05
850 5.1660000000000002e-06 4.0374999999999999e-05
851 5.4580000000000001e-06 4.3084000000000003e-05
852 5.4580000000000001e-06 4.5834000000000002e-05
853 5.4999999999999999e-06 5.2917000000000002e-05
854 5.4160000000000003e-06 5.0000000000000002e-05
855 5.4589999999999997e-06 4.7375e-05
856 5.417e-06 5.6541e-05
857 5.417e-06 4.9707999999999999e-05
858 5.4580000000000001e-06 5.4500000000000003e-05
859 5.3750000000000002e-06 4.9042000000000002e-05
860 5.4999999999999999e-06 5.0541000000000003e-05
861 5.2909999999999998e-06 4.7834000000000003e-05
862 5.0839999999999999e-06 4.6165999999999998e-05
863 5.3329999999999996e-06 4.8749999999999999e-05
864 5.417e-06 5.1458000000000001e-05
865 4.792e-06 5.3584000000000001e-05
866 4.4170000000000002e-06 7.7416999999999994e-05
867 5.0000000000000004e-06 5.5624999999999997e-05
868 4.7079999999999996e-06 4.8958000000000001e-05
869 4.6249999999999998e-06 4.4542000000000001e-05
870 4.6670000000000004e-06 4.7333999999999998e-05
871 4.5410000000000002e-06 0.00011025
872 4.6249999999999998e-06 5.0250000000000002e-05
873 4.2080000000000002e-06 0.00010962499999999999
874 5.1669999999999998e-06 8.8083000000000004e-05
875 4.6670000000000004e-06 4.9874999999999999e-05
876 4.6249999999999998e-06 5.5915999999999998e-05
877 5.541e-06 4.4749999999999997e-05
878 5.7919999999999998e-06 5.2040999999999999e-05
879 5.7080000000000002e-06 5.3124999999999997e-05
880 5.4999999999999999e-06 5.575e-05
881 5.3750000000000002e-06 4.5457999999999997e-05
882 5.5419999999999996e-06 4.4209000000000003e-05
883 5.6250000000000004e-06 4.8958000000000001e-05
884 5.7080000000000002e-06 5.1833999999999999e-05
885 5.5419999999999996e-06 5.5291999999999998e-05
886 5.3329999999999996e-06 5.4874999999999999e-05
887 5.417e-06 5.0708000000000003e-05
888 5.417e-06 4.7290999999999998e-05
889 5.0830000000000003e-06 5.1792000000000002e-05
890 5.0830000000000003e-06 4.8958000000000001e-05
891 5.1250000000000001e-06 4.7500000000000003e-05
892 5.2920000000000003e-06 5.1208000000000002e-05
893 5.4160000000000003e-06 5.2459e-05
894 5.4999999999999999e-06 5.2209000000000001e-05
895 5.6670000000000001e-06 5.5041999999999999e-05
896 5.5840000000000002e-06 4.8749999999999999e-05
897 5.4160000000000003e-06 4.7416999999999997e-05
898 5.3750000000000002e-06 4.6249999999999999e-05
899 5.2920000000000003e-06 4.9916000000000001e-05
900 5.4589999999999997e-06 4.9041e-05
901 5.5829999999999997e-06 5.1249999999999999e-05
902 5.3750000000000002e-06 5.1165999999999998e-05
903 5.3750000000000002e-06 4.9166999999999999e-05
904 5.2909999999999998e-06 4.8541999999999997e-05
905 5.2499999999999997e-06 4.9540999999999999e-05
906 5.4160000000000003e-06 5.0875000000000003e-05
907 5.5419999999999996e-06 4.9292000000000002e-05
908 5.3329999999999996e-06 4.6625000000000002e-05
909 4.25e-06 3.7750000000000003e-05
910 5.1660000000000002e-06 4.4542000000000001e-05
911 4.4170000000000002e-06 6.2625000000000004e-05
912 6.2079999999999997e-06 6.1084e-05
913 6.0839999999999997e-06 5.2250000000000003e-05
914 5.4580000000000001e-06 4.9249999999999998e-05
915 5.75e-06 5.1875000000000001e-05
916 5.4589999999999997e-06 5.1666000000000003e-05
917 4.4170000000000002e-06 4.6458000000000001e-05
918 5.1669999999999998e-06 4.9540999999999999e-05
919 5.3329999999999996e-06 4.5791999999999998e-05
920 5.4999999999999999e-06 5.2707999999999997e-05
921 5.4580000000000001e-06 5.1082999999999999e-05
922 5.4580000000000001e-06 5.5708000000000003e-05
923 5.5829999999999997e-06 4.9208e-05
924 5.4580000000000001e-06 5.3000000000000001e-05
925 4.25e-06 5.2917000000000002e-05
926 4.3329999999999998e-06 5.7958000000000003e-05
927 4.3749999999999996e-06 5.3708999999999997e-05
928 5.5419999999999996e-06 0.000121667
929 5.7080000000000002e-06 5.1792000000000002e-05
930 5.75e-06 5.3834e-05
931 5.2499999999999997e-06 4.6125000000000003e-05
932 5.4999999999999999e-06 4.8167000000000001e-05
933 5.4999999999999999e-06 5.1999999999999997e-05
934 5.1660000000000002e-06 4.7042000000000001e-05
935 5.2499999999999997e-06 4.9125000000000001e-05
936 5.3340000000000001e-06 5.6208999999999997e-05
937 4.1670000000000001e-06 5.7500000000000002e-05
938 4.1250000000000003e-06 5.2457999999999998e-05
939 5.5419999999999996e-06 4.6125000000000003e-05
940 5.1669999999999998e-06 4.1749999999999998e-05
941 5.2920000000000003e-06 4.5250000000000002e-05
942 5.3750000000000002e-06 4.9625e-05
943 5.2079999999999999e-06 5.2125e-05
944 5.2079999999999999e-06 4.9666999999999997e-05
945 5.2089999999999996e-06 4.9874999999999999e-05
946 5.2499999999999997e-06 4.4749999999999997e-05
947 5.3750000000000002e-06 4.8415999999999999e-05
948 5.417e-06 4.4499999999999997e-05
949 5.2089999999999996e-06 4.4375000000000001e-05
950 5.4160000000000003e-06 4.6584e-05
951 5.4580000000000001e-06 5.2707999999999997e-05
952 5.3750000000000002e-06 4.9125000000000001e-05
953 5.4580000000000001e-06 4.6334000000000001e-05
954 5.4580000000000001e-06 4.1959000000000003e-05
955 5.417e-06 4.4542000000000001e-05
956 5.4160000000000003e-06 4.8916999999999999e-05
957 5.4999999999999999e-06 4.9332999999999997e-05
958 5.2499999999999997e-06 5.0667000000000001e-05
959 5.1669999999999998e-06 4.8999999999999998e-05
960 5.3750000000000002e-06 4.6332999999999998e-05
961 5.2499999999999997e-06 4.6249999999999999e-05
962 5.2089999999999996e-06 5.0209e-05
963 5.2079999999999999e-06 5.3542000000000003e-05
964 5.1669999999999998e-06 5.075e-05
965 5.3750000000000002e-06 4.8999999999999998e-05
966 5.2499999999999997e-06 4.6458999999999997e-05
967 5.0830000000000003e-06 4.1958e-05
968 5.0830000000000003e-06 4.4249999999999998e-05
969 5.4160000000000003e-06 4.8667e-05
970 5.0830000000000003e-06 4.4916999999999997e-05
971 5.2079999999999999e-06 4.6666999999999999e-05
972 5.4589999999999997e-06 4.9041e-05
973 5.2920000000000003e-06 4.8417000000000001e-05
974 5.3329999999999996e-06 4.8665999999999998e-05
975 5.1669999999999998e-06 5.1499999999999998e-05
976 4.3749999999999996e-06 5.5167000000000002e-05
977 5.417e-06 4.3625000000000003e-05
978 5.417e-06 4.5209e-05
979 5.417e-06 4.6082999999999999e-05
980 5.5419999999999996e-06 4.6249999999999999e-05
981 5.2079999999999999e-06 4.0374999999999999e-05
982 4.4170000000000002e-06 4.3834000000000001e-05
983 4.8749999999999999e-06 8.4457999999999997e-05
984 4.6670000000000004e-06 5.5333e-05
985 5.7080000000000002e-06 5.3832999999999998e-05
986 5.5829999999999997e-06 4.7957999999999997e-05
987 5.541e-06 4.6208000000000002e-05
988 5.6250000000000004e-06 4.9332999999999997e-05
989 5.6659999999999996e-06 5.0708000000000003e-05
990 5.75e-06 4.7540999999999998e-05
991 5.5419999999999996e-06 4.9750000000000003e-05
992 5.4580000000000001e-06 4.8999999999999998e-05
993 5.3329999999999996e-06 4.9249999999999998e-05
994 5.4580000000000001e-06 5.3958000000000001e-05
995 4.6659999999999999e-06 4.5500000000000001e-05
996 5.3124999999999997e-05 5.6332999999999997e-05
997 4.6659999999999999e-06 4.7333000000000002e-05
998 5.5840000000000002e-06 5.0667000000000001e-05
999 4.6249999999999998e-06 4.5457999999999997e-05
1000 4.5000000000000001e-06 4.7667000000000003e-05
