t build_seconds sweep_seconds
1 9.2920000000000001e-06 4.1875000000000001e-05
2 5.2499999999999997e-06 3.1334000000000002e-05
3 4.8330000000000001e-06 3.1167000000000002e-05
4 4.3749999999999996e-06 3.0791999999999999e-05
5 5.1250000000000001e-06 2.8625000000000001e-05
6 5.0409999999999997e-06 3.8000000000000002e-05
7 4.6249999999999998e-06 3.2540999999999999e-05
8 6.4169999999999997e-06 2.9708000000000001e-05
9 4.5000000000000001e-06 2.7500000000000001e-05
10 4.3749999999999996e-06 2.8167e-05
11 4.4580000000000003e-06 2.7792000000000001e-05
12 4.5410000000000002e-06 2.8500000000000002e-05
13 4.4170000000000002e-06 2.9499999999999999e-05
14 4.5419999999999999e-06 2.8625000000000001e-05
15 4.6249999999999998e-06 2.8459e-05
16 4.3329999999999998e-06 2.7792000000000001e-05
17 4.25e-06 3.1250000000000001e-05
18 4.3749999999999996e-06 3.0000000000000001e-05
19 4.4170000000000002e-06 3.0499999999999999e-05
20 4.5000000000000001e-06 3.0542e-05
21 4.3749999999999996e-06 3.1832999999999998e-05
22 4.4580000000000003e-06 2.8875000000000001e-05
23 4.3749999999999996e-06 2.9584e-05
24 4.3749999999999996e-06 3.3958999999999998e-05
25 4.25e-06 2.9916999999999998e-05
26 4.25e-06 3.0834000000000003e-05
27 4.2919999999999997e-06 3.2375000000000001e-05
28 4.2919999999999997e-06 3.1415999999999999e-05
29 4.25e-06 3.2166999999999999e-05
30 4.25e-06 3.1917e-05
31 4.1659999999999996e-06 3.2874999999999999e-05
32 4.2919999999999997e-06 3.1000000000000001e-05
33 4.3749999999999996e-06 3.3124999999999999e-05
34 4.3749999999999996e-06 3.7042000000000002e-05
35 4.4170000000000002e-06 3.4875000000000001e-05
36 4.3749999999999996e-06 3.4582999999999997e-05
37 4.4580000000000003e-06 3.4125000000000003e-05
38 4.2910000000000001e-06 3.3334000000000003e-05
39 4.459e-06 4.0333999999999997e-05
40 1.0791999999999999e-05 5.9707999999999998e-05
41 4.4170000000000002e-06 3.9332999999999998e-05
42 4.5000000000000001e-06 3.5374999999999999e-05
43 4.4580000000000003e-06 3.4125000000000003e-05
44 4.5000000000000001e-06 3.3083000000000002e-05
45 4.4170000000000002e-06 3.3541000000000003e-05
46 4.4159999999999997e-06 3.4833999999999999e-05
47 4.5000000000000001e-06 3.4792000000000002e-05
48 4.4170000000000002e-06 3.4625000000000001e-05
49 4.25e-06 3.1958000000000001e-05
50 4.3329999999999998e-06 3.0332999999999999e-05
51 4.5000000000000001e-06 6.7832999999999999e-05
52 4.6670000000000004e-06 3.5874999999999998e-05
53 4.6670000000000004e-06 3.4332999999999998e-05
54 4.5839999999999996e-06 3.6625000000000003e-05
55 4.3340000000000003e-06 3.2459000000000002e-05
56 4.4580000000000003e-06 3.2874999999999999e-05
57 4.3340000000000003e-06 3.3541999999999998e-05
58 4.3749999999999996e-06 3.4792000000000002e-05
59 4.4170000000000002e-06 3.2583000000000003e-05
60 4.6249999999999998e-06 3.3250000000000002e-05
61 4.4580000000000003e-06 4.0750000000000001e-05
62 4.4159999999999997e-06 3.6875000000000002e-05
63 4.5000000000000001e-06 3.2166999999999999e-05
64 4.5000000000000001e-06 3.4e-05
65 4.4170000000000002e-06 3.3791000000000002e-05
66 4.6249999999999998e-06 3.4708e-05
67 4.5000000000000001e-06 3.7709000000000001e-05
68 4.5419999999999999e-06 3.5457999999999998e-05
69 4.3340000000000003e-06 3.4082999999999999e-05
70 4.3749999999999996e-06 3.4375000000000002e-05
71 4.4580000000000003e-06 3.6041999999999998e-05
72 4.3749999999999996e-06 3.3374999999999998e-05
73 4.4170000000000002e-06 3.3624999999999997e-05
74 4.4170000000000002e-06 3.5916e-05
75 4.2919999999999997e-06 3.4832999999999997e-05
76 4.2919999999999997e-06 3.4708e-05
77 4.4170000000000002e-06 3.4332999999999998e-05
78 4.459e-06 3.6000000000000001e-05
79 4.2080000000000002e-06 3.6458000000000002e-05
80 4.25e-06 3.6792000000000003e-05
81 4.25e-06 3.3083000000000002e-05
82 4.2919999999999997e-06 3.7208e-05
83 4.4159999999999997e-06 3.5542e-05
84 6.2090000000000002e-06 3.7416000000000002e-05
85 4.4580000000000003e-06 3.6667e-05
86 4.3749999999999996e-06 3.3541000000000003e-05
87 4.3329999999999998e-06 3.4292000000000003e-05
88 4.4580000000000003e-06 3.4499999999999998e-05
89 4.4580000000000003e-06 3.7042000000000002e-05
90 4.3749999999999996e-06 3.3083000000000002e-05
91 4.4159999999999997e-06 3.4666999999999999e-05
92 4.2919999999999997e-06 3.4e-05
93 4.4170000000000002e-06 3.5250000000000003e-05
94 4.5000000000000001e-06 3.65e-05
95 4.3749999999999996e-06 3.6124999999999997e-05
96 4.2919999999999997e-06 3.7333000000000003e-05
97 4.3749999999999996e-06 3.5083000000000003e-05
98 4.5000000000000001e-06 3.3791999999999998e-05
99 4.4170000000000002e-06 3.6291000000000002e-05
100 4.4580000000000003e-06 3.6332999999999999e-05
101 4.3749999999999996e-06 3.3665999999999999e-05
102 4.459e-06 3.5791999999999999e-05
103 4.5000000000000001e-06 3.5042000000000001e-05
104 4.4170000000000002e-06 3.5292e-05
105 4.4580000000000003e-06 3.5791999999999999e-05
106 4.3749999999999996e-06 3.7707999999999999e-05
107 4.4159999999999997e-06 3.7625e-05
108 4.3329999999999998e-06 3.5583000000000001e-05
109 4.25e-06 3.5750000000000002e-05
110 4.4580000000000003e-06 3.7583999999999998e-05
111 4.4580000000000003e-06 3.4666000000000003e-05
112 4.4159999999999997e-06 3.7125000000000001e-05
113 4.3340000000000003e-06 3.6124999999999997e-05
114 4.2910000000000001e-06 3.4249999999999999e-05
115 4.3329999999999998e-06 3.3874999999999997e-05
116 4.5000000000000001e-06 3.3457999999999997e-05
117 4.3329999999999998e-06 3.6875000000000002e-05
118 4.1250000000000003e-06 3.6958000000000001e-05
119 4.0409999999999999e-06 3.2625e-05
120 4.0419999999999996e-06 3.0540999999999998e-05
121 4.0419999999999996e-06 3.2666999999999997e-05
122 4.1670000000000001e-06 3.5542e-05
123 4.3329999999999998e-06 4.1709000000000003e-05
124 5.4999999999999999e-06 4.1208000000000003e-05
125 4.6249999999999998e-06 3.9916999999999997e-05
126 4.4580000000000003e-06 3.5583000000000001e-05
127 4.5419999999999999e-06 3.7125000000000001e-05
128 4.5000000000000001e-06 3.8334000000000003e-05
129 4.3749999999999996e-06 3.4749999999999998e-05
130 4.4580000000000003e-06 3.7166999999999998e-05
131 4.3329999999999998e-06 3.3874999999999997e-05
132 4.6249999999999998e-06 3.7375e-05
133 4.5000000000000001e-06 3.9292000000000003e-05
134 4.3329999999999998e-06 3.8834000000000001e-05
135 4.3749999999999996e-06 3.9332999999999998e-05
136 4.2919999999999997e-06 3.6332999999999999e-05
137 4.3749999999999996e-06 3.9249999999999999e-05
138 4.4580000000000003e-06 3.8583e-05
139 4.4580000000000003e-06 3.9042000000000003e-05
140 4.459e-06 4.0207999999999999e-05
141 4.4580000000000003e-06 3.7709000000000001e-05
142 4.2089999999999999e-06 3.3958999999999998e-05
143 5.2499999999999997e-06 3.875e-05
144 5.4589999999999997e-06 3.6332999999999999e-05
145 4.5419999999999999e-06 4.0125e-05
146 4.3329999999999998e-06 4.3541000000000002e-05
147 4.3749999999999996e-06 4.2666000000000001e-05
148 4.5419999999999999e-06 4.0666e-05
149 4.2089999999999999e-06 3.8124999999999998e-05
150 4.2089999999999999e-06 3.7125000000000001e-05
151 4.3329999999999998e-06 4.0708999999999999e-05
152 4.5000000000000001e-06 4.3334000000000002e-05
153 2.4332999999999999e-05 3.7125000000000001e-05
154 4.5000000000000001e-06 5.5166e-05
155 4.3329999999999998e-06 3.5624999999999999e-05
156 4.2919999999999997e-06 4.1916999999999999e-05
157 4.4159999999999997e-06 4.2292000000000001e-05
158 4.4170000000000002e-06 4.2917000000000003e-05
159 4.4170000000000002e-06 4.1375000000000003e-05
160 4.5419999999999999e-06 4.2500000000000003e-05
161 4.583e-06 3.8124999999999998e-05
162 4.4580000000000003e-06 3.9249999999999999e-05
163 4.4170000000000002e-06 3.7375e-05
164 4.4170000000000002e-06 4.35e-05
165 4.4170000000000002e-06 4.0083000000000002e-05
166 4.25e-06 4.1791e-05
167 4.4580000000000003e-06 4.1625000000000002e-05
168 4.2919999999999997e-06 3.9666999999999998e-05
169 4.2910000000000001e-06 4.2542e-05
170 4.3329999999999998e-06 3.8334000000000003e-05
171 4.3340000000000003e-06 4.1375000000000003e-05
172 4.3749999999999996e-06 4.1749999999999998e-05
173 4.4159999999999997e-06 3.9749999999999997e-05
174 4.5410000000000002e-06 4.3458999999999998e-05
175 4.3329999999999998e-06 3.9792000000000001e-05
176 4.3329999999999998e-06 4.2624999999999999e-05
177 4.3749999999999996e-06 3.8999999999999999e-05
178 4.5839999999999996e-06 4.0374999999999999e-05
179 4.5000000000000001e-06 3.5957999999999997e-05
180 4.25e-06 3.5583000000000001e-05
181 4.2919999999999997e-06 3.8083000000000001e-05
182 4.2080000000000002e-06 3.6792000000000003e-05
183 4.0409999999999999e-06 3.7209000000000002e-05
184 4.2089999999999999e-06 3.9458000000000001e-05
185 4.6659999999999999e-06 4.3417000000000001e-05
186 4.3340000000000003e-06 4.2500000000000003e-05
187 4.2089999999999999e-06 3.7583000000000003e-05
188 4.2919999999999997e-06 4.0290999999999998e-05
189 4.3340000000000003e-06 4.0750000000000001e-05
190 4.3749999999999996e-06 4.125e-05
191 4.2919999999999997e-06 3.9458000000000001e-05
192 4.25e-06 4.3625000000000003e-05
193 4.25e-06 4.1375000000000003e-05
194 4.1670000000000001e-06 4.2125000000000001e-05
195 4.2919999999999997e-06 4.0750000000000001e-05
196 4.2910000000000001e-06 4.1916999999999999e-05
197 4.2089999999999999e-06 4.1e-05
198 4.2919999999999997e-06 4.6417e-05
199 4.2919999999999997e-06 3.7750000000000003e-05
200 4.3749999999999996e-06 4.3374999999999997e-05
201 4.4170000000000002e-06 4.2166000000000003e-05
202 4.25e-06 3.9957999999999999e-05
203 4.4580000000000003e-06 4.0917000000000001e-05
204 4.4170000000000002e-06 3.9875e-05
205 4.2919999999999997e-06 3.9208000000000001e-05
206 4.25e-06 4.4833000000000003e-05
207 4.5000000000000001e-06 4.2750000000000002e-05
208 4.2919999999999997e-06 4.0374999999999999e-05
209 4.3329999999999998e-06 4.5167000000000003e-05
210 4.3329999999999998e-06 4.6375000000000002e-05
211 4.3749999999999996e-06 4.1167000000000001e-05
212 4.4580000000000003e-06 4.0292e-05
213 4.2919999999999997e-06 4.2208e-05
214 4.25e-06 4.2542e-05
215 4.25e-06 3.7874999999999999e-05
216 4.4580000000000003e-06 4.3041999999999999e-05
217 4.4170000000000002e-06 4.3415999999999999e-05
218 4.25e-06 3.9041000000000001e-05
219 4.0409999999999999e-06 3.7917000000000003e-05
220 4.2089999999999999e-06 3.9458000000000001e-05
221 4.2089999999999999e-06 4.0624999999999998e-05
222 4.2910000000000001e-06 4.3958999999999997e-05
223 4.2919999999999997e-06 4.5707999999999997e-05
224 4.3749999999999996e-06 4.2707999999999998e-05
225 4.1659999999999996e-06 3.9916999999999997e-05
226 4.2919999999999997e-06 3.9833000000000003e-05
227 4.5000000000000001e-06 3.8708000000000003e-05
228 4.25e-06 4.4249999999999998e-05
229 4.3749999999999996e-06 4.2624999999999999e-05
230 4.459e-06 3.9959000000000001e-05
231 4.459e-06 4.2667000000000003e-05
232 4.3329999999999998e-06 4.0750000000000001e-05
233 4.2080000000000002e-06 3.7416000000000002e-05
234 4.2080000000000002e-06 3.5916e-05
235 4.4170000000000002e-06 3.8250000000000001e-05
236 4.2910000000000001e-06 3.9666999999999998e-05
237 4.4170000000000002e-06 4.0416000000000001e-05
238 4.4170000000000002e-06 3.9542000000000002e-05
239 4.2080000000000002e-06 4.0333000000000002e-05
240 4.25e-06 4.1083e-05
241 4.3329999999999998e-06 4.5707999999999997e-05
242 4.3749999999999996e-06 4.4666999999999998e-05
243 4.2089999999999999e-06 3.9792000000000001e-05
244 4.0840000000000002e-06 4.5917000000000001e-05
245 4.25e-06 4.4749999999999997e-05
246 4.3329999999999998e-06 4.2125000000000001e-05
247 4.2919999999999997e-06 4.3625000000000003e-05
248 4.25e-06 4.2957999999999998e-05
249 4.2910000000000001e-06 4.1749999999999998e-05
250 4.2080000000000002e-06 4.2375e-05
251 4.1670000000000001e-06 4.0000000000000003e-05
252 4.25e-06 3.7249999999999997e-05
253 4.2910000000000001e-06 4.0166999999999997e-05
254 4.2080000000000002e-06 3.6834e-05
255 4.1670000000000001e-06 4.1041000000000002e-05
256 4.2919999999999997e-06 3.9833000000000003e-05
257 4.4170000000000002e-06 3.8083000000000001e-05
258 4.2080000000000002e-06 4.1417e-05
259 4.2089999999999999e-06 4.1375000000000003e-05
260 4.2919999999999997e-06 3.8791999999999997e-05
261 4.1250000000000003e-06 4.2624999999999999e-05
262 4.3329999999999998e-06 4.0459e-05
263 4.3329999999999998e-06 3.8374999999999998e-05
264 4.4170000000000002e-06 3.9458000000000001e-05
265 4.4170000000000002e-06 3.9916000000000002e-05
266 4.2919999999999997e-06 4.0958000000000003e-05
267 4.4159999999999997e-06 4.4625e-05
268 4.4580000000000003e-06 4.3875000000000003e-05
269 4.3749999999999996e-06 4.4082999999999998e-05
270 4.25e-06 4.3541000000000002e-05
271 4.25e-06 4.1208000000000003e-05
272 4.3749999999999996e-06 4.0584000000000003e-05
273 4.2919999999999997e-06 4.2833999999999997e-05
274 4.2910000000000001e-06 4.3917e-05
275 4.2919999999999997e-06 4.2874999999999999e-05
276 5.417e-06 4.4042000000000003e-05
277 4.8749999999999999e-06 5.4290999999999999e-05
278 4.4580000000000003e-06 4.7709e-05
279 4.3749999999999996e-06 4.1291000000000002e-05
280 4.3329999999999998e-06 4.2500000000000003e-05
281 4.4170000000000002e-06 3.9749999999999997e-05
282 4.4580000000000003e-06 4.0750000000000001e-05
283 4.25e-06 4.0374999999999999e-05
284 4.2919999999999997e-06 4.2709000000000001e-05
285 4.3329999999999998e-06 4.4375000000000001e-05
286 4.25e-06 3.7166999999999998e-05
287 4.2080000000000002e-06 3.8207999999999997e-05
288 4.2910000000000001e-06 4.4125000000000002e-05
289 4.4170000000000002e-06 4.2833000000000001e-05
290 4.4159999999999997e-06 4.3625000000000003e-05
291 4.2080000000000002e-06 4.9292000000000002e-05
292 4.3749999999999996e-06 4.6749999999999998e-05
293 4.4580000000000003e-06 4.6417e-05
294 4.2910000000000001e-06 4.5374999999999998e-05
295 5.417e-06 4.375e-05
296 4.25e-06 3.8624999999999997e-05
297 4.25e-06 3.9292000000000003e-05
298 4.2089999999999999e-06 4.1625000000000002e-05
299 4.1250000000000003e-06 3.9875e-05
300 4.1659999999999996e-06 4.0958000000000003e-05
301 4.3329999999999998e-06 4.3167000000000002e-05
302 4.3340000000000003e-06 4.1375000000000003e-05
303 4.3329999999999998e-06 4.5124999999999999e-05
304 4.3340000000000003e-06 3.8040999999999997e-05
305 4.3329999999999998e-06 4.2542e-05
306 4.2080000000000002e-06 4.1083e-05
307 4.3749999999999996e-06 4.0209000000000001e-05
308 4.2919999999999997e-06 4.0250000000000003e-05
309 4.1659999999999996e-06 4.0459e-05
310 4.1670000000000001e-06 3.8875000000000003e-05
311 4.1670000000000001e-06 4.0333999999999997e-05
312 4.3329999999999998e-06 4.2917000000000003e-05
313 4.2919999999999997e-06 4.2792e-05
314 4.2910000000000001e-06 4.3417000000000001e-05
315 4.3329999999999998e-06 4.3083000000000001e-05
316 4.3749999999999996e-06 4.4042000000000003e-05
317 4.3749999999999996e-06 4.3791999999999997e-05
318 4.2919999999999997e-06 4.5874999999999997e-05
319 4.3329999999999998e-06 4.125e-05
320 4.2080000000000002e-06 4.2333000000000003e-05
321 4.3340000000000003e-06 4.4916000000000002e-05
322 4.2910000000000001e-06 4.4542000000000001e-05
323 4.1659999999999996e-06 4.3667000000000001e-05
324 4.3749999999999996e-06 4.2750000000000002e-05
325 4.25e-06 4.1625000000000002e-05
326 4.2080000000000002e-06 4.1832999999999997e-05
327 4.3329999999999998e-06 4.5083999999999997e-05
328 4.2080000000000002e-06 4.1792000000000002e-05
329 4.3340000000000003e-06 3.9875e-05
330 4.1659999999999996e-06 4.2457999999999999e-05
331 4.1250000000000003e-06 3.9249999999999999e-05
332 4.3329999999999998e-06 4.0042e-05
333 4.1250000000000003e-06 4.2290999999999999e-05
334 4.0409999999999999e-06 4.0042e-05
335 4.2089999999999999e-06 4.1708000000000001e-05
336 4.0840000000000002e-06 4.1749999999999998e-05
337 4.1250000000000003e-06 3.9833999999999998e-05
338 4.3329999999999998e-06 4.4666999999999998e-05
339 4.25e-06 4.375e-05
340 4.5000000000000001e-06 4.2874999999999999e-05
341 4.25e-06 4.3000000000000002e-05
342 4.1250000000000003e-06 4.1875000000000001e-05
343 4.0419999999999996e-06 4.1458999999999997e-05
344 4.1659999999999996e-06 3.7542000000000001e-05
345 4.2089999999999999e-06 4.2166000000000003e-05
346 4.2080000000000002e-06 4.2125000000000001e-05
347 4.1670000000000001e-06 3.6749999999999999e-05
348 4.1250000000000003e-06 4.2500000000000003e-05
349 4.0829999999999997e-06 4.1708000000000001e-05
350 4.3749999999999996e-06 4.0374999999999999e-05
351 4.3749999999999996e-06 4.3041999999999999e-05
352 4.25e-06 4.2042000000000002e-05
353 4.2089999999999999e-06 4.1291999999999997e-05
354 4.2919999999999997e-06 4.4375000000000001e-05
355 4.1670000000000001e-06 4.7250000000000003e-05
356 4.3329999999999998e-06 4.3458000000000003e-05
357 4.459e-06 4.3250000000000001e-05
358 4.3749999999999996e-06 4.2792e-05
359 4.1670000000000001e-06 3.8624999999999997e-05
360 4.3329999999999998e-06 4.2459000000000001e-05
361 4.2919999999999997e-06 4.1458999999999997e-05
362 4.25e-06 4.1749999999999998e-05
363 4.3340000000000003e-06 4.1999999999999998e-05
364 4.2910000000000001e-06 4.1375000000000003e-05
365 4.3329999999999998e-06 4.3665999999999998e-05
366 4.25e-06 4.5417000000000002e-05
367 4.459e-06 4.2750000000000002e-05
368 4.3749999999999996e-06 4.2166999999999998e-05
369 4.459e-06 4.0708999999999999e-05
370 4.5000000000000001e-06 4.6292000000000003e-05
371 4.3749999999999996e-06 4.5667000000000002e-05
372 4.2919999999999997e-06 4.4749999999999997e-05
373 4.459e-06 4.6249999999999999e-05
374 4.5000000000000001e-06 4.1124999999999997e-05
375 4.3329999999999998e-06 4.2457999999999999e-05
376 4.25e-06 4.3207999999999997e-05
377 4.25e-06 4.0500000000000002e-05
378 4.5000000000000001e-06 4.1332999999999999e-05
379 4.2919999999999997e-06 4.0624999999999998e-05
380 4.3749999999999996e-06 4.2166999999999998e-05
381 4.3329999999999998e-06 4.1959000000000003e-05
382 4.2080000000000002e-06 4.3041999999999999e-05
383 4.2919999999999997e-06 4.2709000000000001e-05
384 4.1670000000000001e-06 4.1e-05
385 4.1250000000000003e-06 4.0290999999999998e-05
386 4.2080000000000002e-06 3.9208000000000001e-05
387 4.4170000000000002e-06 4.2208e-05
388 4.2910000000000001e-06 4.2500000000000003e-05
389 4.5000000000000001e-06 4.3250000000000001e-05
390 4.2080000000000002e-06 4.3417000000000001e-05
391 4.25e-06 4.3834000000000001e-05
392 4.2080000000000002e-06 3.7416999999999998e-05
393 4.459e-06 3.9708e-05
394 4.4580000000000003e-06 3.875e-05
395 4.25e-06 4.1832999999999997e-05
396 4.1670000000000001e-06 3.7333000000000003e-05
397 4.1659999999999996e-06 4.4459000000000002e-05
398 4.1670000000000001e-06 4.1083e-05
399 4.2910000000000001e-06 4.35e-05
400 4.2080000000000002e-06 3.8541999999999998e-05
401 4.1250000000000003e-06 4.2790999999999997e-05
402 4.25e-06 4.2500000000000003e-05
403 4.2080000000000002e-06 4.5583e-05
404 4.3329999999999998e-06 6.9459e-05
405 4.7079999999999996e-06 5.2624999999999998e-05
406 4.5839999999999996e-06 4.7250000000000003e-05
407 4.3329999999999998e-06 4.2082999999999997e-05
408 4.25e-06 3.8915999999999998e-05
409 4.25e-06 3.7166999999999998e-05
410 4.2910000000000001e-06 4.0791999999999998e-05
411 4.2080000000000002e-06 4.0000000000000003e-05
412 4.2919999999999997e-06 4.1458000000000002e-05
413 4.1670000000000001e-06 4.0833e-05
414 4.3749999999999996e-06 4.0750000000000001e-05
415 4.4170000000000002e-06 4.5000000000000003e-05
416 4.5000000000000001e-06 4.5667000000000002e-05
417 4.4580000000000003e-06 4.5166000000000001e-05
418 4.4170000000000002e-06 4.5791999999999998e-05
419 4.7500000000000003e-06 4.2166999999999998e-05
420 4.5000000000000001e-06 4.6125000000000003e-05
421 4.4170000000000002e-06 4.1665999999999997e-05
422 4.25e-06 4.3582999999999999e-05
423 4.4159999999999997e-06 4.2833999999999997e-05
424 4.4170000000000002e-06 4.1124999999999997e-05
425 4.4580000000000003e-06 4.4459000000000002e-05
426 4.3749999999999996e-06 4.3667000000000001e-05
427 4.4159999999999997e-06 4.4332999999999997e-05
428 4.4580000000000003e-06 4.2916e-05
429 5.417e-06 4.6499999999999999e-05
430 4.3749999999999996e-06 4.3999999999999999e-05
431 4.2919999999999997e-06 4.1832999999999997e-05
432 4.25e-06 4.2709000000000001e-05
433 4.25e-06 4.2457999999999999e-05
434 4.2910000000000001e-06 4.0584000000000003e-05
435 4.25e-06 4.0583000000000001e-05
436 4.8330000000000001e-06 4.3708000000000002e-05
437 4.3749999999999996e-06 4.4166999999999999e-05
438 4.2080000000000002e-06 4.7166999999999998e-05
439 4.3329999999999998e-06 4.2249999999999997e-05
440 4.5839999999999996e-06 4.2750000000000002e-05
441 4.4580000000000003e-06 4.4959000000000001e-05
442 4.459e-06 4.2750000000000002e-05
443 4.2919999999999997e-06 4.1875000000000001e-05
444 4.1670000000000001e-06 4.3708000000000002e-05
445 4.1659999999999996e-06 3.875e-05
446 4.1670000000000001e-06 4.0374999999999999e-05
447 4.5419999999999999e-06 4.5707999999999997e-05
448 4.3749999999999996e-06 4.4166999999999999e-05
449 4.5000000000000001e-06 4.0417000000000003e-05
450 4.25e-06 3.8917e-05
451 4.1670000000000001e-06 4.4042000000000003e-05
452 4.2919999999999997e-06 4.0874999999999997e-05
453 4.25e-06 4.1499999999999999e-05
454 4.2080000000000002e-06 4.4416999999999998e-05
455 4.4580000000000003e-06 4.5459e-05
456 4.3329999999999998e-06 4.2583999999999998e-05
457 4.3340000000000003e-06 4.4583000000000003e-05
458 6.4169999999999997e-06 4.5958000000000003e-05
459 4.2919999999999997e-06 4.0417000000000003e-05
460 4.1670000000000001e-06 4.0707999999999997e-05
461 4.3329999999999998e-06 4.1458000000000002e-05
462 4.5000000000000001e-06 4.5042e-05
463 4.3329999999999998e-06 4.5541999999999999e-05
464 4.459e-06 4.5167000000000003e-05
465 4.2910000000000001e-06 4.5333000000000001e-05
466 4.3329999999999998e-06 4.2750000000000002e-05
467 4.3329999999999998e-06 4.0459e-05
468 4.4580000000000003e-06 4.3041999999999999e-05
469 5.5840000000000002e-06 4.2667000000000003e-05
470 4.4580000000000003e-06 4.5958000000000003e-05
471 4.2919999999999997e-06 4.1749999999999998e-05
472 4.3340000000000003e-06 3.9625000000000001e-05
473 4.25e-06 4.2292000000000001e-05
474 4.3749999999999996e-06 3.9833999999999998e-05
475 4.2919999999999997e-06 3.8917e-05
476 4.3329999999999998e-06 3.8958000000000002e-05
477 4.4170000000000002e-06 4.0207999999999999e-05
478 4.1659999999999996e-06 3.6417e-05
479 4.2089999999999999e-06 3.8000000000000002e-05
480 4.1670000000000001e-06 3.9708e-05
481 4.1670000000000001e-06 3.9082999999999998e-05
482 4.3749999999999996e-06 4.0791000000000003e-05
483 4.2910000000000001e-06 3.8500000000000001e-05
484 4.2919999999999997e-06 4.3291999999999998e-05
485 4.2919999999999997e-06 3.9167e-05
486 4.25e-06 4.2249999999999997e-05
487 4.1670000000000001e-06 4.5124999999999999e-05
488 4.2919999999999997e-06 4.5124999999999999e-05
489 4.1659999999999996e-06 4.4125000000000002e-05
490 4.25e-06 4.0874999999999997e-05
491 4.3329999999999998e-06 4.4583999999999999e-05
492 4.2080000000000002e-06 4.3958999999999997e-05
493 4.2089999999999999e-06 4.1458999999999997e-05
494 4.3329999999999998e-06 4.4875e-05
495 4.1659999999999996e-06 4.1291999999999997e-05
496 4.2080000000000002e-06 4.2416999999999997e-05
497 4.1670000000000001e-06 3.8917e-05
498 4.4170000000000002e-06 4.1375000000000003e-05
499 4.1250000000000003e-06 3.8291999999999999e-05
500 4.2089999999999999e-06 4.2208e-05
501 4.3340000000000003e-06 4.35e-05
502 4.2089999999999999e-06 3.9165999999999997e-05
503 4.3340000000000003e-06 4.5915999999999999e-05
504 4.1250000000000003e-06 3.9875e-05
505 4.3329999999999998e-06 4.3250000000000001e-05
506 4.2910000000000001e-06 4.2459000000000001e-05
507 4.3329999999999998e-06 4.2707999999999998e-05
508 4.3340000000000003e-06 4.2125000000000001e-05
509 4.0840000000000002e-06 4.1916000000000003e-05
510 4.3749999999999996e-06 4.1041999999999998e-05
511 4.3749999999999996e-06 3.9334e-05
512 4.459e-06 3.8291000000000003e-05
513 4.2910000000000001e-06 4.2583999999999998e-05
514 4.25e-06 4.3708000000000002e-05
515 4.1670000000000001e-06 4.0083000000000002e-05
516 4.4580000000000003e-06 4.6749999999999998e-05
517 4.5000000000000001e-06 4.3374999999999997e-05
518 4.2919999999999997e-06 4.2500000000000003e-05
519 4.5839999999999996e-06 4.3582999999999999e-05
520 4.4580000000000003e-06 4.2166999999999998e-05
521 4.5000000000000001e-06 4.4125000000000002e-05
522 4.3329999999999998e-06 4.1334000000000001e-05
523 4.459e-06 4.2583999999999998e-05
524 4.2080000000000002e-06 4.1666999999999999e-05
525 4.25e-06 4.0917000000000001e-05
526 4.0419999999999996e-06 3.7625e-05
527 4.5419999999999999e-06 3.7874999999999999e-05
528 4.4170000000000002e-06 3.6417e-05
529 5.4999999999999999e-06 4.3958999999999997e-05
530 4.4159999999999997e-06 4.1916999999999999e-05
531 4.2910000000000001e-06 4.0042e-05
532 4.3749999999999996e-06 4.2209000000000002e-05
533 4.2919999999999997e-06 4.3832999999999999e-05
534 4.5000000000000001e-06 6.0000000000000002e-05
535 4.792e-06 4.8708000000000002e-05
536 4.5000000000000001e-06 4.7333999999999998e-05
537 4.459e-06 4.5374999999999998e-05
538 4.4170000000000002e-06 4.5750000000000001e-05
539 4.2919999999999997e-06 4.4957999999999999e-05
540 4.3340000000000003e-06 4.4790999999999999e-05
541 4.25e-06 4.2792e-05
542 5.2920000000000003e-06 3.9875e-05
543 4.9579999999999998e-06 4.9292000000000002e-05
544 4.3749999999999996e-06 3.9833999999999998e-05
545 4.459e-06 4.4041000000000001e-05
546 4.5419999999999999e-06 4.7667000000000003e-05
547 4.583e-06 4.5124999999999999e-05
548 4.459e-06 4.1415999999999998e-05
549 3.9999999999999998e-06 3.9916999999999997e-05
550 4.3749999999999996e-06 4.5750000000000001e-05
551 4.2910000000000001e-06 4.3291999999999998e-05
552 4.25e-06 4.2957999999999998e-05
553 5.4589999999999997e-06 4.7375e-05
554 4.6249999999999998e-06 4.5124999999999999e-05
555 4.459e-06 4.3040999999999997e-05
556 4.25e-06 3.6999999999999998e-05
557 4.3340000000000003e-06 4.2959e-05
558 4.0829999999999997e-06 3.7209000000000002e-05
559 4.1250000000000003e-06 4.3041999999999999e-05
560 4.2089999999999999e-06 4.0708999999999999e-05
561 4.3340000000000003e-06 4.1458000000000002e-05
562 4.1250000000000003e-06 4.2208e-05
563 4.1670000000000001e-06 4.4416999999999998e-05
564 4.25e-06 4.1708000000000001e-05
565 4.2080000000000002e-06 4.1749999999999998e-05
566 4.3329999999999998e-06 4.2583000000000002e-05
567 4.3340000000000003e-06 4.3625000000000003e-05
568 4.25e-06 3.9542000000000002e-05
569 4.3329999999999998e-06 4.3625000000000003e-05
570 4.25e-06 4.3875000000000003e-05
571 4.2919999999999997e-06 4.5000000000000003e-05
572 4.3749999999999996e-06 4.4542000000000001e-05
573 4.25e-06 4.0083000000000002e-05
574 4.2910000000000001e-06 4.2833999999999997e-05
575 4.2080000000000002e-06 4.3999999999999999e-05
576 4.1670000000000001e-06 4.1167000000000001e-05
577 4.1250000000000003e-06 3.8917e-05
578 4.3329999999999998e-06 3.8083000000000001e-05
579 4.1250000000000003e-06 3.8958999999999997e-05
580 4.25e-06 4.0166999999999997e-05
581 4.3749999999999996e-06 4.3291999999999998e-05
582 4.25e-06 4.5083000000000002e-05
583 4.1670000000000001e-06 3.9375000000000002e-05
584 4.0419999999999996e-06 4.1499999999999999e-05
585 3.9160000000000003e-06 4.1417e-05
586 4.1670000000000001e-06 4.4208000000000001e-05
587 4.3329999999999998e-06 4.2083999999999999e-05
588 4.2910000000000001e-06 4.4959000000000001e-05
589 4.3329999999999998e-06 4.5667000000000002e-05
590 4.25e-06 4.3875000000000003e-05
591 4.25e-06 4.4333999999999999e-05
592 4.0419999999999996e-06 4.1165999999999999e-05
593 5.5419999999999996e-06 4.3291000000000003e-05
594 4.3329999999999998e-06 4.5958000000000003e-05
595 4.2919999999999997e-06 4.0541999999999999e-05
596 4.2919999999999997e-06 4.4375000000000001e-05
597 4.3329999999999998e-06 4.4249999999999998e-05
598 4.3329999999999998e-06 4.2125000000000001e-05
599 4.25e-06 4.2957999999999998e-05
600 4.3329999999999998e-06 4.3124999999999998e-05
601 4.2910000000000001e-06 4.1084000000000002e-05
602 4.2080000000000002e-06 3.6999999999999998e-05
603 4.2080000000000002e-06 4.1959000000000003e-05
604 4.3329999999999998e-06 4.5167000000000003e-05
605 4.2919999999999997e-06 4.6791e-05
606 4.2919999999999997e-06 4.2292000000000001e-05
607 4.25e-06 4.2459000000000001e-05
608 4.2080000000000002e-06 4.0042e-05
609 4.1659999999999996e-06 3.9416999999999999e-05
610 4.2919999999999997e-06 4.1749999999999998e-05
611 4.25e-06 3.4167e-05
612 4.0840000000000002e-06 3.7792e-05
613 4.25e-06 4.2750000000000002e-05
614 4.3749999999999996e-06 4.3417000000000001e-05
615 4.1250000000000003e-06 3.7540999999999999e-05
616 4.0419999999999996e-06 4.0207999999999999e-05
617 4.1250000000000003e-06 4.3875000000000003e-05
618 4.1670000000000001e-06 4.1041999999999998e-05
619 4.2080000000000002e-06 4.3708999999999998e-05
620 4.1659999999999996e-06 4.2042000000000002e-05
621 4.4170000000000002e-06 4.2249999999999997e-05
622 4.2919999999999997e-06 4.4125000000000002e-05
623 4.2910000000000001e-06 4.0624999999999998e-05
624 4.2080000000000002e-06 4.3999999999999999e-05
625 4.3329999999999998e-06 4.3582999999999999e-05
626 4.1659999999999996e-06 4.1e-05
627 4.0419999999999996e-06 4.1541000000000001e-05
628 4.1659999999999996e-06 4.1749999999999998e-05
629 4.25e-06 4.1083e-05
630 4.3329999999999998e-06 4.2750000000000002e-05
631 4.3749999999999996e-06 4.2040999999999999e-05
632 4.4170000000000002e-06 4.3582999999999999e-05
633 4.3340000000000003e-06 4.375e-05
634 4.2080000000000002e-06 3.5791999999999999e-05
635 4.2080000000000002e-06 4.4084e-05
636 4.25e-06 4.4458e-05
637 4.4580000000000003e-06 4.4916999999999997e-05
638 4.3749999999999996e-06 4.5000000000000003e-05
639 4.1659999999999996e-06 4.3417000000000001e-05
640 4.2080000000000002e-06 4.2208e-05
641 4.2080000000000002e-06 4.4833000000000003e-05
642 4.0829999999999997e-06 4.2292000000000001e-05
643 4.0409999999999999e-06 4.0374999999999999e-05
644 4.0840000000000002e-06 4.3083000000000001e-05
645 4.1250000000000003e-06 4.2457999999999999e-05
646 4.1670000000000001e-06 3.7833000000000002e-05
647 4.2089999999999999e-06 4.1875000000000001e-05
648 4.2919999999999997e-06 4.1458999999999997e-05
649 4.1250000000000003e-06 4.0667000000000002e-05
650 5.3750000000000002e-06 5.075e-05
651 4.3340000000000003e-06 4.2082999999999997e-05
652 4.2919999999999997e-06 4.2082999999999997e-05
653 4.2919999999999997e-06 4.1832999999999997e-05
654 4.3749999999999996e-06 4.1749999999999998e-05
655 4.2080000000000002e-06 4.4375000000000001e-05
656 4.2919999999999997e-06 4.6708000000000001e-05
657 4.1250000000000003e-06 3.8374999999999998e-05
658 4.2919999999999997e-06 4.0833e-05
659 4.25e-06 4.2667000000000003e-05
660 4.3329999999999998e-06 3.8000000000000002e-05
661 5.2920000000000003e-06 4.2416000000000002e-05
662 4.1670000000000001e-06 4.1041999999999998e-05
663 4.2089999999999999e-06 4.2375e-05
664 4.1659999999999996e-06 4.1083e-05
665 4.0840000000000002e-06 3.9249999999999999e-05
666 4.0829999999999997e-06 4.2082999999999997e-05
667 4.1670000000000001e-06 3.9291e-05
668 4.2089999999999999e-06 4.2040999999999999e-05
669 4.1670000000000001e-06 4.0083000000000002e-05
670 4.2089999999999999e-06 3.9332999999999998e-05
671 4.1670000000000001e-06 4.4708e-05
672 4.2080000000000002e-06 4.3374999999999997e-05
673 4.25e-06 4.1999999999999998e-05
674 4.3749999999999996e-06 3.9708e-05
675 4.1250000000000003e-06 4.2083999999999999e-05
676 4.1670000000000001e-06 4.0584000000000003e-05
677 4.3329999999999998e-06 4.0915999999999999e-05
678 4.3749999999999996e-06 4.1582999999999998e-05
679 4.3749999999999996e-06 3.9833999999999998e-05
680 4.3749999999999996e-06 4.4459000000000002e-05
681 4.3329999999999998e-06 4.4166999999999999e-05
682 4.3749999999999996e-06 4.3250000000000001e-05
683 4.1659999999999996e-06 3.9375000000000002e-05
684 4.1250000000000003e-06 4.3291000000000003e-05
685 4.25e-06 4.5250000000000002e-05
686 4.3749999999999996e-06 4.6709000000000003e-05
687 4.3749999999999996e-06 4.5917000000000001e-05
688 4.1659999999999996e-06 4.3625000000000003e-05
689 4.0840000000000002e-06 4.2125000000000001e-05
690 4.1250000000000003e-06 4.4332999999999997e-05
691 4.2080000000000002e-06 4.0083999999999998e-05
692 4.1670000000000001e-06 4.1499999999999999e-05
693 4.2089999999999999e-06 3.8665999999999999e-05
694 4.1250000000000003e-06 4.0333999999999997e-05
695 4.2919999999999997e-06 4.3250000000000001e-05
696 4.3749999999999996e-06 4.5124999999999999e-05
697 4.25e-06 4.1582999999999998e-05
698 4.25e-06 4.4790999999999999e-05
699 4.459e-06 4.5209e-05
700 4.4159999999999997e-06 4.1375000000000003e-05
701 4.4170000000000002e-06 4.2874999999999999e-05
702 4.3340000000000003e-06 4.1832999999999997e-05
703 4.2089999999999999e-06 4.0540999999999997e-05
704 4.1659999999999996e-06 3.9459000000000003e-05
705 4.2089999999999999e-06 4.1916999999999999e-05
706 4.2910000000000001e-06 3.8541999999999998e-05
707 4.25e-06 3.8291000000000003e-05
708 4.2919999999999997e-06 4.0624999999999998e-05
709 4.4170000000000002e-06 4.1749999999999998e-05
710 4.4159999999999997e-06 4.4166999999999999e-05
711 4.3340000000000003e-06 4.3166e-05
712 4.2910000000000001e-06 4.4209000000000003e-05
713 4.2910000000000001e-06 4.4542000000000001e-05
714 4.5000000000000001e-06 4.0541999999999999e-05
715 4.3329999999999998e-06 4.3625000000000003e-05
716 4.2080000000000002e-06 4.1625000000000002e-05
717 4.3329999999999998e-06 4.4166999999999999e-05
718 4.3329999999999998e-06 4.4459000000000002e-05
719 4.2919999999999997e-06 4.3582999999999999e-05
720 4.2910000000000001e-06 4.0166999999999997e-05
721 4.1670000000000001e-06 3.9625000000000001e-05
722 4.1659999999999996e-06 4.0667000000000002e-05
723 4.2080000000000002e-06 3.9375000000000002e-05
724 4.4159999999999997e-06 4.1124999999999997e-05
725 4.5000000000000001e-06 3.9666000000000003e-05
726 4.3329999999999998e-06 3.8250000000000001e-05
727 4.4580000000000003e-06 4.3458999999999998e-05
728 4.2910000000000001e-06 4.1666999999999999e-05
729 4.2919999999999997e-06 4.1458000000000002e-05
730 4.2080000000000002e-06 3.8832999999999999e-05
731 4.2919999999999997e-06 4.2750000000000002e-05
732 4.25e-06 4.4042000000000003e-05
733 5.2920000000000003e-06 4.4957999999999999e-05
734 4.3329999999999998e-06 4.5500000000000001e-05
735 4.2919999999999997e-06 4.2667000000000003e-05
736 4.2910000000000001e-06 4.4166999999999999e-05
737 5.417e-06 4.8417000000000001e-05
738 4.25e-06 4.5917000000000001e-05
739 4.2919999999999997e-06 4.1916000000000003e-05
740 4.792e-06 3.8250000000000001e-05
741 4.2910000000000001e-06 4.1749999999999998e-05
742 4.4159999999999997e-06 4.3167000000000002e-05
743 4.3749999999999996e-06 5.1249999999999999e-05
744 4.9169999999999997e-06 4.6625000000000002e-05
745 4.2910000000000001e-06 4.7958999999999999e-05
746 4.2919999999999997e-06 4.3791000000000001e-05
747 4.4170000000000002e-06 3.9249999999999999e-05
748 4.4159999999999997e-06 4.3124999999999998e-05
749 4.4170000000000002e-06 4.0833e-05
750 4.25e-06 4.3791999999999997e-05
751 4.3329999999999998e-06 3.7333999999999999e-05
752 3.9999999999999998e-06 3.8457999999999997e-05
753 4.25e-06 4.1499999999999999e-05
754 4.2910000000000001e-06 3.6000000000000001e-05
755 4.25e-06 3.6167000000000001e-05
756 4.2919999999999997e-06 4.3582999999999999e-05
757 4.3749999999999996e-06 3.9833999999999998e-05
758 4.25e-06 4.0541999999999999e-05
759 4.3329999999999998e-06 4.2042000000000002e-05
760 4.25e-06 4.1542000000000003e-05
761 4.1250000000000003e-06 3.8791000000000002e-05
762 4.3340000000000003e-06 4.3333e-05
763 4.2910000000000001e-06 4.2333999999999998e-05
764 4.0829999999999997e-06 3.9125000000000002e-05
765 4.1250000000000003e-06 4.2750000000000002e-05
766 4.25e-06 4.2583999999999998e-05
767 4.1250000000000003e-06 4.1792000000000002e-05
768 4.0829999999999997e-06 4.0750000000000001e-05
769 4.1670000000000001e-06 4.1124999999999997e-05
770 4.1250000000000003e-06 4.1541000000000001e-05
771 4.2910000000000001e-06 4.0917000000000001e-05
772 4.3749999999999996e-06 4.3333e-05
773 4.3329999999999998e-06 4.1332999999999999e-05
774 4.25e-06 4.3875000000000003e-05
775 6.3749999999999999e-06 4.4082999999999998e-05
776 4.2080000000000002e-06 4.1041000000000002e-05
777 4.2080000000000002e-06 3.6958000000000001e-05
778 4.0419999999999996e-06 3.8665999999999999e-05
779 4.1250000000000003e-06 4.2166999999999998e-05
780 4.3329999999999998e-06 4.4792000000000001e-05
781 4.25e-06 4.4375000000000001e-05
782 4.25e-06 4.3832999999999999e-05
783 4.1250000000000003e-06 4.1625000000000002e-05
784 4.2910000000000001e-06 4.3708999999999998e-05
785 4.25e-06 3.9959000000000001e-05
786 4.792e-06 4.6249999999999999e-05
787 4.2080000000000002e-06 4.0584000000000003e-05
788 5.1669999999999998e-06 4.1e-05
789 4.2089999999999999e-06 4.3915999999999998e-05
790 4.3340000000000003e-06 4.1958e-05
791 4.25e-06 4.0917000000000001e-05
792 4.25e-06 4.3374999999999997e-05
793 7.875e-06 4.7957999999999997e-05
794 4.3340000000000003e-06 4.2166000000000003e-05
795 4.2919999999999997e-06 4.0750000000000001e-05
796 4.1250000000000003e-06 4.4209000000000003e-05
797 4.0829999999999997e-06 4.1291999999999997e-05
798 3.9589999999999997e-06 3.8000000000000002e-05
799 4.2910000000000001e-06 4.2125000000000001e-05
800 4.2080000000000002e-06 4.0292e-05
801 4.3329999999999998e-06 3.9167e-05
802 5.2920000000000003e-06 3.8708000000000003e-05
803 4.4159999999999997e-06 4.2375e-05
804 4.4170000000000002e-06 4.5666e-05
805 5.4160000000000003e-06 4.1916999999999999e-05
806 4.6249999999999998e-06 4.3250000000000001e-05
807 5.1250000000000001e-06 4.7540999999999998e-05
808 4.5000000000000001e-06 3.8708000000000003e-05
809 4.4170000000000002e-06 4.3875000000000003e-05
810 4.2919999999999997e-06 4.7250000000000003e-05
811 4.25e-06 4.7042000000000001e-05
812 4.4580000000000003e-06 4.2083999999999999e-05
813 4.2080000000000002e-06 4.3667000000000001e-05
814 4.1670000000000001e-06 4.7292000000000001e-05
815 4.1250000000000003e-06 3.8457999999999997e-05
816 4.1659999999999996e-06 4.4792000000000001e-05
817 4.3329999999999998e-06 4.2083999999999999e-05
818 5.2920000000000003e-06 4.2333000000000003e-05
819 5.4999999999999999e-06 4.3541999999999997e-05
820 4.459e-06 3.8124999999999998e-05
821 5.1660000000000002e-06 4.7125e-05
822 4.2919999999999997e-06 4.6958e-05
823 4.3749999999999996e-06 4.1499999999999999e-05
824 4.2080000000000002e-06 4.0459e-05
825 4.583e-06 4.5000000000000003e-05
826 4.25e-06 4.3791999999999997e-05
827 4.583e-06 4.7750000000000002e-05
828 5.1669999999999998e-06 5.0416e-05
829 4.3329999999999998e-06 4.6334000000000001e-05
830 4.2919999999999997e-06 4.6082999999999999e-05
831 4.1670000000000001e-06 4.0708999999999999e-05
832 4.0419999999999996e-06 3.6124999999999997e-05
833 4.8330000000000001e-06 3.9625000000000001e-05
834 4.1670000000000001e-06 3.8083000000000001e-05
835 4.1670000000000001e-06 4.1291000000000002e-05
836 4.25e-06 3.7750000000000003e-05
837 4.2080000000000002e-06 4.2416000000000002e-05
838 4.4580000000000003e-06 4.3958000000000002e-05
839 4.2080000000000002e-06 4.4333999999999999e-05
840 4.3749999999999996e-06 4.3167000000000002e-05
841 4.25e-06 4.4625e-05
842 4.4170000000000002e-06 4.2750000000000002e-05
843 4.3329999999999998e-06 4.5290999999999997e-05
844 4.25e-06 4.1791e-05
845 5.3750000000000002e-06 4.3291000000000003e-05
846 4.1250000000000003e-06 4.3208999999999999e-05
847 4.459e-06 3.9249999999999999e-05
848 4.25e-06 4.2040999999999999e-05
849 4.4580000000000003e-06 4.1124999999999997e-05
850 4.459e-06 4.3083000000000001e-05
851 4.3340000000000003e-06 3.8457999999999997e-05
852 4.2919999999999997e-06 4.3167000000000002e-05
853 4.3340000000000003e-06 4.3415999999999999e-05
854 4.2919999999999997e-06 4.1332999999999999e-05
855 4.25e-06 4.2457999999999999e-05
856 4.7079999999999996e-06 4.3084000000000003e-05
857 4.3329999999999998e-06 4.2624999999999999e-05
858 4.2080000000000002e-06 4.1792000000000002e-05
859 4.3749999999999996e-06 4.2542e-05
860 4.2080000000000002e-06 4.1124999999999997e-05
861 4.2089999999999999e-06 4.2333000000000003e-05
862 4.1670000000000001e-06 4.4375000000000001e-05
863 4.4580000000000003e-06 4.1916999999999999e-05
864 4.3749999999999996e-06 4.3584000000000001e-05
865 4.3749999999999996e-06 4.0833e-05
866 4.2080000000000002e-06 4.3291999999999998e-05
867 4.1659999999999996e-06 4.0417000000000003e-05
868 4.5000000000000001e-06 4.3124999999999998e-05
869 4.1670000000000001e-06 3.9875e-05
870 4.4170000000000002e-06 4.3041999999999999e-05
871 4.0829999999999997e-06 4.3417000000000001e-05
872 4.0409999999999999e-06 4.2667000000000003e-05
873 4.1659999999999996e-06 4.3041999999999999e-05
874 4.1670000000000001e-06 4.0791000000000003e-05
875 4.1250000000000003e-06 4.5000000000000003e-05
876 4.5000000000000001e-06 4.3999999999999999e-05
877 4.3749999999999996e-06 4.3084000000000003e-05
878 4.3749999999999996e-06 4.5459e-05
879 4.3340000000000003e-06 4.3625000000000003e-05
880 4.2080000000000002e-06 4.375e-05
881 4.3329999999999998e-06 4.0500000000000002e-05
882 4.3749999999999996e-06 4.2333999999999998e-05
883 4.3329999999999998e-06 4.3374999999999997e-05
884 4.1670000000000001e-06 3.9749999999999997e-05
885 4.0409999999999999e-06 4.0500000000000002e-05
886 4.3329999999999998e-06 4.0791999999999998e-05
887 4.4580000000000003e-06 4.0874999999999997e-05
888 4.25e-06 3.7290999999999999e-05
889 4.0829999999999997e-06 3.6584000000000001e-05
890 4.1659999999999996e-06 4.2125000000000001e-05
891 4.5000000000000001e-06 4.5333000000000001e-05
892 4.2919999999999997e-06 4.0290999999999998e-05
893 4.2919999999999997e-06 4.1415999999999998e-05
894 4.2919999999999997e-06 4.6334000000000001e-05
895 4.4170000000000002e-06 4.6249999999999999e-05
896 4.5000000000000001e-06 4.0707999999999997e-05
897 4.1659999999999996e-06 3.9042000000000003e-05
898 4.4580000000000003e-06 4.5583e-05
899 4.4580000000000003e-06 4.3958000000000002e-05
900 4.25e-06 4.2624999999999999e-05
901 4.25e-06 4.4792000000000001e-05
902 4.3340000000000003e-06 4.0541999999999999e-05
903 4.2080000000000002e-06 4.2959e-05
904 4.1250000000000003e-06 4.2583999999999998e-05
905 4.1670000000000001e-06 4.4041000000000001e-05
906 4.583e-06 4.4292000000000002e-05
907 4.4170000000000002e-06 3.9875e-05
908 5.4160000000000003e-06 4.4959000000000001e-05
909 4.2919999999999997e-06 4.4249999999999998e-05
910 4.2080000000000002e-06 4.6958e-05
911 4.4170000000000002e-06 4.5667000000000002e-05
912 4.459e-06 4.7416000000000001e-05
913 4.583e-06 4.1458000000000002e-05
914 4.3749999999999996e-06 4.3791999999999997e-05
915 5.0420000000000002e-06 4.2292000000000001e-05
916 5.417e-06 4.7375e-05
917 4.3749999999999996e-06 4.2916e-05
918 4.3749999999999996e-06 4.1749999999999998e-05
919 4.1670000000000001e-06 4.1958e-05
920 4.25e-06 4.2707999999999998e-05
921 4.4580000000000003e-06 4.3207999999999997e-05
922 4.4159999999999997e-06 4.0750000000000001e-05
923 4.2080000000000002e-06 4.3667000000000001e-05
924 4.2080000000000002e-06 4.2792e-05
925 4.4159999999999997e-06 4.2792e-05
926 3.9999999999999998e-06 4.3374999999999997e-05
927 4.2919999999999997e-06 4.4084e-05
928 4.2910000000000001e-06 4.8792000000000003e-05
929 4.2910000000000001e-06 4.6208999999999998e-05
930 4.2910000000000001e-06 4.3625000000000003e-05
931 4.459e-06 4.2249999999999997e-05
932 4.3329999999999998e-06 4.5333000000000001e-05
933 4.2080000000000002e-06 4.0583000000000001e-05
934 4.4159999999999997e-06 4.2833000000000001e-05
935 4.2919999999999997e-06 4.5250000000000002e-05
936 4.3329999999999998e-06 4.0333000000000002e-05
937 4.3340000000000003e-06 4.3000000000000002e-05
938 4.25e-06 3.9459000000000003e-05
939 4.5419999999999999e-06 4.5915999999999999e-05
940 4.3329999999999998e-06 4.3541999999999997e-05
941 4.5410000000000002e-06 4.4084e-05
942 4.25e-06 4.1542000000000003e-05
943 5.3329999999999996e-06 4.3541999999999997e-05
944 4.2089999999999999e-06 4.1458000000000002e-05
945 4.4580000000000003e-06 4.4125000000000002e-05
946 4.25e-06 3.8708999999999998e-05
947 4.3329999999999998e-06 4.7624999999999999e-05
948 5.0839999999999999e-06 4.3208999999999999e-05
949 5.417e-06 4.8167000000000001e-05
950 4.4170000000000002e-06 4.3167000000000002e-05
951 4.4159999999999997e-06 4.1499999999999999e-05
952 4.25e-06 4.3334000000000002e-05
953 5.1250000000000001e-06 4.6417e-05
954 4.4170000000000002e-06 4.5958000000000003e-05
955 4.3749999999999996e-06 4.8250000000000001e-05
956 4.1659999999999996e-06 4.4959000000000001e-05
957 4.3749999999999996e-06 4.5624999999999998e-05
958 4.2910000000000001e-06 4.3958000000000002e-05
959 4.2919999999999997e-06 4.4792000000000001e-05
960 5.541e-06 4.6833999999999999e-05
961 4.3749999999999996e-06 4.9625e-05
962 4.459e-06 4.7666000000000001e-05
963 4.2080000000000002e-06 4.5124999999999999e-05
964 4.3329999999999998e-06 4.3708999999999998e-05
965 4.4170000000000002e-06 4.4125000000000002e-05
966 4.3749999999999996e-06 4.3167000000000002e-05
967 4.3340000000000003e-06 4.1582999999999998e-05
968 4.1670000000000001e-06 4.0457999999999998e-05
969 5.1250000000000001e-06 4.3915999999999998e-05
970 4.1670000000000001e-06 3.9625000000000001e-05
971 4.0829999999999997e-06 4.1417e-05
972 4.3329999999999998e-06 4.2709000000000001e-05
973 4.4170000000000002e-06 4.2375e-05
974 4.3340000000000003e-06 4.4292000000000002e-05
975 4.1250000000000003e-06 4.2624999999999999e-05
976 4.3329999999999998e-06 4.5000000000000003e-05
977 4.4580000000000003e-06 4.5917000000000001e-05
978 4.2919999999999997e-06 4.6832999999999997e-05
979 4.1670000000000001e-06 4.0250000000000003e-05
980 4.3749999999999996e-06 3.8374999999999998e-05
981 4.2910000000000001e-06 4.1916999999999999e-05
982 4.1250000000000003e-06 4.0125e-05
983 4.3329999999999998e-06 4.0416000000000001e-05
984 4.25e-06 4.0707999999999997e-05
985 4.3749999999999996e-06 4.4249999999999998e-05
986 4.6659999999999999e-06 4.5042e-05
987 4.25e-06 4.0417000000000003e-05
988 4.4580000000000003e-06 4.4125000000000002e-05
989 5.541e-06 4.5708999999999999e-05
990 5.2089999999999996e-06 4.3708000000000002e-05
991 4.3749999999999996e-06 4.1417e-05
992 4.1670000000000001e-06 4.5209e-05
993 4.25e-06 4.2750000000000002e-05
994 4.0840000000000002e-06 4.0708999999999999e-05
995 4.2089999999999999e-06 4.2624999999999999e-05
996 4.25e-06 4.2457999999999999e-05
997 4.7079999999999996e-06 4.2375e-05
998 4.25e-06 4.7166999999999998e-05
999 4.2089999999999999e-06 4.3834000000000001e-05
1000 4.3340000000000003e-06 4.6084000000000001e-05
