t build_seconds sweep_seconds
1 1.3917000000000001e-05 0.00015124999999999999
2 1.0958000000000001e-05 0.00010900000000000001
3 9.3749999999999992e-06 0.00010062500000000001
4 9.2080000000000006e-06 9.5249999999999998e-05
5 8.7919999999999998e-06 9.0583999999999999e-05
6 8.6670000000000002e-06 9.4291999999999998e-05
7 8.7499999999999992e-06 9.7125000000000003e-05
8 8.5830000000000007e-06 8.9291999999999998e-05
9 9.0000000000000002e-06 9.1374999999999998e-05
10 9.0000000000000002e-06 8.9624999999999997e-05
11 8.9169999999999995e-06 9.3375000000000006e-05
12 8.833e-06 9.1040999999999998e-05
13 9.0000000000000002e-06 9.5874999999999999e-05
14 8.8750000000000006e-06 9.4500000000000007e-05
15 1.0000000000000001e-05 9.5084e-05
16 8.7919999999999998e-06 9.1958000000000003e-05
17 8.7499999999999992e-06 9.3999999999999994e-05
18 8.5839999999999995e-06 9.3125e-05
19 8.7909999999999993e-06 9.3459000000000001e-05
20 8.7090000000000008e-06 9.1374999999999998e-05
21 8.8750000000000006e-06 9.5582999999999996e-05
22 8.7090000000000008e-06 9.1207999999999998e-05
23 8.7090000000000008e-06 9.2625000000000002e-05
24 8.7080000000000003e-06 9.4124999999999998e-05
25 8.833e-06 9.3833999999999996e-05
26 8.7499999999999992e-06 9.4084000000000002e-05
27 8.7080000000000003e-06 9.3542000000000007e-05
28 8.6670000000000002e-06 9.3624999999999999e-05
29 8.7499999999999992e-06 9.4875000000000002e-05
30 8.9160000000000007e-06 9.7e-05
31 8.9169999999999995e-06 9.5291999999999995e-05
32 8.7919999999999998e-06 9.4457999999999996e-05
33 8.7919999999999998e-06 9.7167e-05
34 8.9579999999999996e-06 9.9709000000000004e-05
35 8.9169999999999995e-06 0.000157458
36 9.1249999999999999e-06 0.00012870899999999999
37 1.8709e-05 0.00023145800000000001
38 1.8916999999999999e-05 0.00013429199999999999
39 1.9749999999999999e-05 0.00023295799999999999
40 1.9083e-05 0.00027620900000000002
41 2.4125e-05 0.00022491699999999999
42 1.925e-05 0.00023966699999999999
43 1.8624999999999999e-05 0.000222084
44 1.9375e-05 0.00025700000000000001
45 1.0166999999999999e-05 0.00021187499999999999
46 9.4169999999999998e-06 0.000125041
47 8.9160000000000007e-06 0.00027004200000000001
48 2.1416e-05 0.00024129199999999999
49 9.0420000000000008e-06 0.00020866600000000001
50 9.7920000000000004e-06 0.000117333
51 1.9042000000000002e-05 0.000173375
52 4.8915999999999997e-05 0.000119084
53 9.4159999999999993e-06 0.00014750000000000001
54 8.9169999999999995e-06 0.00016295799999999999
55 9.0829999999999993e-06 0.000121459
56 9.1249999999999999e-06 0.000114375
57 8.7919999999999998e-06 0.000109916
58 9.2089999999999994e-06 0.00010754100000000001
59 8.7499999999999992e-06 0.000106
60 8.7499999999999992e-06 0.00010220799999999999
61 8.7080000000000003e-06 0.000109875
62 8.5839999999999995e-06 0.000105875
63 8.9160000000000007e-06 0.00011062500000000001
64 9.0839999999999998e-06 0.000108416
65 8.7919999999999998e-06 0.000108291
66 9.1670000000000005e-06 0.000152084
67 9.7089999999999997e-06 0.000121709
68 8.7080000000000003e-06 0.0001145
69 8.6670000000000002e-06 0.00011383300000000001
70 8.6249999999999996e-06 0.00015508300000000001
71 8.7090000000000008e-06 0.00012620900000000001
72 8.5830000000000007e-06 0.00024004199999999999
73 8.6670000000000002e-06 0.000122583
74 8.6249999999999996e-06 0.00011900000000000001
75 8.5420000000000005e-06 0.00013799999999999999
76 8.9590000000000001e-06 0.000117166
77 8.3750000000000003e-06 0.00011675000000000001
78 8.9169999999999995e-06 0.000126959
79 8.5830000000000007e-06 0.000118
80 8.5830000000000007e-06 0.00011770800000000001
81 8.7080000000000003e-06 0.000158417
82 9.0000000000000002e-06 0.000173167
83 2.0208e-05 0.00027558299999999998
84 8.6659999999999997e-06 0.00012625000000000001
85 8.4169999999999992e-06 0.000164
86 8.7090000000000008e-06 0.00012266600000000001
87 8.541e-06 0.000118458
88 8.3329999999999997e-06 0.00011445799999999999
89 8.3329999999999997e-06 0.000109875
90 8.4169999999999992e-06 0.00010833299999999999
91 8.6249999999999996e-06 0.00011725
92 8.3750000000000003e-06 0.000120458
93 8.4169999999999992e-06 0.00012308299999999999
94 8.0830000000000004e-06 0.0001175
95 8.5420000000000005e-06 0.000120791
96 8.6249999999999996e-06 0.000116084
97 8.7090000000000008e-06 0.00012391600000000001
98 8.6249999999999996e-06 0.000124583
99 8.3750000000000003e-06 0.00012029200000000001
100 8.6670000000000002e-06 0.00012224999999999999
101 8.5420000000000005e-06 0.00012362500000000001
102 8.2500000000000006e-06 0.000117167
103 8.4169999999999992e-06 0.00012370799999999999
104 8.5420000000000005e-06 0.000121167
105 8.4160000000000004e-06 0.000119917
106 8.0830000000000004e-06 0.000121333
107 8.2910000000000007e-06 0.000119584
108 8.2919999999999996e-06 0.00012204199999999999
109 8.4169999999999992e-06 0.000120333
110 8.3750000000000003e-06 0.000121834
111 8.4169999999999992e-06 0.00012479099999999999
112 8.7080000000000003e-06 0.000121292
113 8.4999999999999999e-06 0.00012704200000000001
114 9.6670000000000008e-06 0.00013224999999999999
115 8.2919999999999996e-06 0.00012349999999999999
116 8.1249999999999993e-06 0.00012674999999999999
117 8.2500000000000006e-06 0.00012612499999999999
118 8.4999999999999999e-06 0.000129333
119 8.2500000000000006e-06 0.00013308300000000001
120 8.3340000000000002e-06 0.000134666
121 8.2500000000000006e-06 0.000130708
122 8.2500000000000006e-06 0.000124459
123 8.0830000000000004e-06 0.000125291
124 8.7080000000000003e-06 0.00012666700000000001
125 8.0409999999999998e-06 0.00012
126 8.1249999999999993e-06 0.000121792
127 8.0839999999999992e-06 0.000118625
128 8.1249999999999993e-06 0.000120375
129 9.0829999999999993e-06 0.000173
130 8.5830000000000007e-06 0.00012779100000000001
131 9.0000000000000002e-06 0.000126959
132 8.4589999999999998e-06 0.00011916700000000001
133 8.1659999999999994e-06 0.00011691700000000001
134 8.208e-06 0.00012341699999999999
135 8.1669999999999999e-06 0.000118875
136 8.2910000000000007e-06 0.00012237500000000001
137 8.3750000000000003e-06 0.000125625
138 8.4999999999999999e-06 0.000127167
139 8.4169999999999992e-06 0.000126
140 8.6249999999999996e-06 0.00013066600000000001
141 8.6659999999999997e-06 0.00012566699999999999
142 8.6249999999999996e-06 0.00012566699999999999
143 1.2082999999999999e-05 0.000129708
144 8.208e-06 0.00012425000000000001
145 8.6249999999999996e-06 0.00012799999999999999
146 1.0334e-05 0.00013283300000000001
147 8.1249999999999993e-06 0.000126167
148 7.9589999999999995e-06 0.00012570800000000001
149 8.0830000000000004e-06 0.00012570800000000001
150 8.0420000000000003e-06 0.000121542
151 8.2500000000000006e-06 0.000124084
152 8.0420000000000003e-06 0.0001305
153 7.8329999999999994e-06 0.00012995899999999999
154 7.8329999999999994e-06 0.00013008299999999999
155 8.7090000000000008e-06 0.00013024999999999999
156 7.7919999999999993e-06 0.000128541
157 7.6660000000000008e-06 0.00012408300000000001
158 7.9160000000000001e-06 0.000126792
159 7.8329999999999994e-06 0.00012650000000000001
160 7.6660000000000008e-06 0.00012529199999999999
161 8.2500000000000006e-06 0.000127083
162 7.7910000000000005e-06 0.00012866700000000001
163 8.0420000000000003e-06 0.000131333
164 8.208e-06 0.000128083
165 7.9999999999999996e-06 0.00012908400000000001
166 8.0420000000000003e-06 0.000126833
167 7.9170000000000006e-06 0.00019979199999999999
168 8.7499999999999992e-06 0.00014708399999999999
169 8.7499999999999992e-06 0.00013925
170 8.1659999999999994e-06 0.00013558400000000001
171 8.2919999999999996e-06 0.00012925
172 7.7919999999999993e-06 0.00012125000000000001
173 7.9580000000000007e-06 0.00012695800000000001
174 8.4579999999999993e-06 0.000131209
175 8.0409999999999998e-06 0.00016591699999999999
176 8.5839999999999995e-06 0.00013904100000000001
177 8.1669999999999999e-06 0.00013124999999999999
178 8.0420000000000003e-06 0.00012854199999999999
179 8.208e-06 0.000126
180 7.9999999999999996e-06 0.000120375
181 8.1249999999999993e-06 0.00012545899999999999
182 7.9160000000000001e-06 0.00011525
183 8.0409999999999998e-06 0.00012187499999999999
184 8.1669999999999999e-06 0.00012774999999999999
185 8.2919999999999996e-06 0.000127916
186 8.1659999999999994e-06 0.000125792
187 8.1669999999999999e-06 0.00012487500000000001
188 8.5420000000000005e-06 0.00012829200000000001
189 8.4169999999999992e-06 0.00013041699999999999
190 8.0420000000000003e-06 0.00012870899999999999
191 8.2910000000000007e-06 0.00013412499999999999
192 8.0830000000000004e-06 0.000129584
193 7.9580000000000007e-06 0.000125792
194 8.0839999999999992e-06 0.00013774999999999999
195 9.2089999999999994e-06 0.000127959
196 8.1249999999999993e-06 0.00012812500000000001
197 8.0830000000000004e-06 0.00013062499999999999
198 7.7090000000000002e-06 0.00012487500000000001
199 8.833e-06 0.00012774999999999999
200 8.2919999999999996e-06 0.00012508300000000001
201 8.3750000000000003e-06 0.00013162499999999999
202 7.9999999999999996e-06 0.00013170799999999999
203 8.1249999999999993e-06 0.00012737499999999999
204 8.2919999999999996e-06 0.00013029099999999999
205 8.1669999999999999e-06 0.000132667
206 8.1669999999999999e-06 0.00012591699999999999
207 8.1249999999999993e-06 0.00015924999999999999
208 8.6249999999999996e-06 0.000142958
209 8.5830000000000007e-06 0.000133084
210 8.0830000000000004e-06 0.00012795800000000001
211 8.2500000000000006e-06 0.00013241699999999999
212 7.9999999999999996e-06 0.00012966599999999999
213 7.9589999999999995e-06 0.00013175
214 7.9170000000000006e-06 0.00015704200000000001
215 8.2500000000000006e-06 0.000140791
216 8.208e-06 0.00013708399999999999
217 8.1249999999999993e-06 0.00013262500000000001
218 8.0830000000000004e-06 0.00013270799999999999
219 7.6669999999999996e-06 0.00012429100000000001
220 7.5830000000000001e-06 0.00012791699999999999
221 7.7500000000000003e-06 0.00012970899999999999
222 7.7500000000000003e-06 0.000120417
223 7.6249999999999998e-06 0.000115291
224 7.9160000000000001e-06 0.000126375
225 8.0420000000000003e-06 0.000123125
226 7.9170000000000006e-06 0.00013008400000000001
227 7.7079999999999997e-06 0.00013020800000000001
228 8.0830000000000004e-06 0.00012833399999999999
229 7.4159999999999998e-06 0.000121
230 8.0409999999999998e-06 0.000123125
231 7.6249999999999998e-06 0.000122917
232 7.8339999999999999e-06 0.00012616600000000001
233 7.9170000000000006e-06 0.000128042
234 8.0420000000000003e-06 0.000129333
235 7.7919999999999993e-06 0.000123583
236 8.1249999999999993e-06 0.000125208
237 7.875e-06 0.000127875
238 8.0420000000000003e-06 0.00013083300000000001
239 7.7079999999999997e-06 0.00012899999999999999
240 7.875e-06 0.000126625
241 7.8329999999999994e-06 0.00012504200000000001
242 8.0830000000000004e-06 0.000124833
243 7.9170000000000006e-06 0.000120834
244 7.9999999999999996e-06 0.000120958
245 7.9170000000000006e-06 0.000119375
246 7.6669999999999996e-06 0.00011687499999999999
247 7.7079999999999997e-06 0.000121583
248 7.8339999999999999e-06 0.00012300000000000001
249 7.6249999999999998e-06 0.000116334
250 7.9999999999999996e-06 0.000121959
251 7.8329999999999994e-06 0.000120333
252 7.9999999999999996e-06 0.00013045799999999999
253 7.875e-06 0.00013004100000000001
254 8.0830000000000004e-06 0.00012816699999999999
255 7.8339999999999999e-06 0.00012674999999999999
256 9.5419999999999994e-06 0.000132125
257 7.875e-06 0.00013020800000000001
258 8.0420000000000003e-06 0.00013220800000000001
259 7.9589999999999995e-06 0.00013024999999999999
260 8.1249999999999993e-06 0.000120458
261 7.6249999999999998e-06 0.00012658299999999999
262 7.9589999999999995e-06 0.00012362500000000001
263 7.542e-06 0.00012820799999999999
264 7.5000000000000002e-06 0.000123208
265 7.9999999999999996e-06 0.00012704200000000001
266 7.7090000000000002e-06 0.00012591600000000001
267 7.7079999999999997e-06 0.00012308299999999999
268 7.875e-06 0.00012629199999999999
269 7.9589999999999995e-06 0.000128875
270 7.6669999999999996e-06 0.00012725
271 7.6249999999999998e-06 0.00012220899999999999
272 7.6249999999999998e-06 0.000125334
273 7.5000000000000002e-06 0.00012304199999999999
274 7.6249999999999998e-06 0.00012558400000000001
275 7.875e-06 0.00012570800000000001
276 7.9999999999999996e-06 0.00012420899999999999
277 7.6669999999999996e-06 0.000125041
278 7.7090000000000002e-06 0.00012470800000000001
279 7.7500000000000003e-06 0.00012975000000000001
280 7.9999999999999996e-06 0.000128417
281 7.8329999999999994e-06 0.000124459
282 7.7090000000000002e-06 0.000121833
283 7.7500000000000003e-06 0.000125375
284 7.7079999999999997e-06 0.000117583
285 7.542e-06 0.00012687500000000001
286 7.7500000000000003e-06 0.000122583
287 7.9160000000000001e-06 0.00012812500000000001
288 7.6669999999999996e-06 0.000122333
289 7.875e-06 0.00012612499999999999
290 7.7500000000000003e-06 0.00013466699999999999
291 7.7500000000000003e-06 0.00013008299999999999
292 7.5830000000000001e-06 0.00012595799999999999
293 7.875e-06 0.00012799999999999999
294 7.8339999999999999e-06 0.000126375
295 8.1659999999999994e-06 0.00013216700000000001
296 7.7079999999999997e-06 0.00012379200000000001
297 7.7500000000000003e-06 0.00011929099999999999
298 7.4590000000000001e-06 0.000122333
299 7.7500000000000003e-06 0.000126458
300 7.875e-06 0.00012525000000000001
301 7.9580000000000007e-06 0.000126959
302 7.9580000000000007e-06 0.00028608300000000002
303 1.6957999999999999e-05 0.00029050000000000001
304 2.8708e-05 0.0001805
305 7.9589999999999995e-06 0.00013541599999999999
306 7.9999999999999996e-06 0.00013695800000000001
307 7.9999999999999996e-06 0.00013120800000000001
308 7.8329999999999994e-06 0.00013720900000000001
309 8.1249999999999993e-06 0.00013224999999999999
310 7.9170000000000006e-06 0.000129875
311 7.9160000000000001e-06 0.000132084
312 7.9580000000000007e-06 0.000134167
313 7.9580000000000007e-06 0.000243417
314 9.2499999999999995e-06 0.000149875
315 8.208e-06 0.000164167
316 8.5830000000000007e-06 0.00014175
317 8.7080000000000003e-06 0.000132791
318 8.1249999999999993e-06 0.000172084
319 9.2920000000000001e-06 0.000138916
320 8.0409999999999998e-06 0.00014366699999999999
321 8.1249999999999993e-06 0.00013716600000000001
322 8.1249999999999993e-06 0.00014300000000000001
323 1.2791e-05 0.00013870899999999999
324 7.9170000000000006e-06 0.00013091599999999999
325 7.875e-06 0.000134583
326 7.9580000000000007e-06 0.00013079199999999999
327 7.9170000000000006e-06 0.000132125
328 7.7500000000000003e-06 0.00012687500000000001
329 8.0830000000000004e-06 0.00012395799999999999
330 7.9170000000000006e-06 0.00013029099999999999
331 7.875e-06 0.000127541
332 8.1249999999999993e-06 0.00013220899999999999
333 7.8339999999999999e-06 0.00013629199999999999
334 7.7500000000000003e-06 0.00013100000000000001
335 8.2910000000000007e-06 0.000130209
336 7.9580000000000007e-06 0.00012937499999999999
337 7.7079999999999997e-06 0.00012712499999999999
338 7.8329999999999994e-06 0.00013262500000000001
339 7.9170000000000006e-06 0.00012408300000000001
340 7.875e-06 0.00013175
341 7.9580000000000007e-06 0.000131667
342 7.9580000000000007e-06 0.00013154200000000001
343 8.3340000000000002e-06 0.000135041
344 8.0420000000000003e-06 0.00013220899999999999
345 7.9580000000000007e-06 0.000132917
346 7.8339999999999999e-06 0.00013270799999999999
347 8.2090000000000005e-06 0.00013395799999999999
348 8.2500000000000006e-06 0.000135666
349 7.875e-06 0.000241625
350 8.8750000000000006e-06 0.00014341700000000001
351 8.4999999999999999e-06 0.00013045799999999999
352 8.1249999999999993e-06 0.00012262500000000001
353 8.2910000000000007e-06 0.00012754199999999999
354 8.0830000000000004e-06 0.00013124999999999999
355 8.0839999999999992e-06 0.000125
356 7.7500000000000003e-06 0.000121125
357 7.7919999999999993e-06 0.00012829200000000001
358 7.5410000000000003e-06 0.00012791699999999999
359 7.542e-06 0.00012395799999999999
360 7.7919999999999993e-06 0.000124375
361 7.9580000000000007e-06 0.000130541
362 8.208e-06 0.000129708
363 8.1249999999999993e-06 0.00013754199999999999
364 7.9999999999999996e-06 0.00013533299999999999
365 7.9170000000000006e-06 0.000136167
366 7.7500000000000003e-06 0.00013220899999999999
367 7.9999999999999996e-06 0.000132583
368 8.0830000000000004e-06 0.00013029200000000001
369 8.1249999999999993e-06 0.00013070900000000001
370 7.875e-06 0.00012433400000000001
371 8.0830000000000004e-06 0.000125
372 7.9999999999999996e-06 0.00012583399999999999
373 7.7500000000000003e-06 0.00012795800000000001
374 7.7910000000000005e-06 0.000127
375 7.875e-06 0.00013024999999999999
376 7.875e-06 0.000129875
377 7.8339999999999999e-06 0.00013216599999999999
378 7.875e-06 0.00013387499999999999
379 7.7500000000000003e-06 0.000133375
380 7.7500000000000003e-06 0.000129875
381 7.9170000000000006e-06 0.00013100000000000001
382 7.7500000000000003e-06 0.00013283300000000001
383 7.6669999999999996e-06 0.000139166
384 7.5830000000000001e-06 0.00013137500000000001
385 7.6669999999999996e-06 0.000131292
386 8.0420000000000003e-06 0.00012716600000000001
387 7.7079999999999997e-06 0.00012975000000000001
388 7.6669999999999996e-06 0.000131416
389 7.875e-06 0.00013145799999999999
390 8.0420000000000003e-06 0.00012791699999999999
391 7.7500000000000003e-06 0.00012779100000000001
392 7.7500000000000003e-06 0.00012729199999999999
393 7.7919999999999993e-06 0.00012695800000000001
394 6.3874999999999994e-05 0.000145959
395 8.2500000000000006e-06 0.000137
396 8.0420000000000003e-06 0.000130791
397 7.875e-06 0.00012270900000000001
398 7.9170000000000006e-06 0.00012691699999999999
399 8.0830000000000004e-06 0.000160834
400 9.0000000000000002e-06 0.00014304199999999999
401 8.6249999999999996e-06 0.000134
402 8.5420000000000005e-06 0.00012641700000000001
403 8.1659999999999994e-06 0.00012962499999999999
404 8.2500000000000006e-06 0.000132416
405 8.208e-06 0.00013341699999999999
406 8.0409999999999998e-06 0.00013375
407 8.1669999999999999e-06 0.00013454100000000001
408 8.1249999999999993e-06 0.000129875
409 7.7919999999999993e-06 0.00012729199999999999
410 8.208e-06 0.00013395799999999999
411 8.1249999999999993e-06 0.000124084
412 8.0839999999999992e-06 0.000119875
413 8.1249999999999993e-06 0.00012429100000000001
414 8.2910000000000007e-06 0.000122958
415 7.875e-06 0.00012383300000000001
416 8.3329999999999997e-06 0.000130667
417 8.0420000000000003e-06 0.000128792
418 8.0420000000000003e-06 0.00012945799999999999
419 7.7090000000000002e-06 0.00012983299999999999
420 7.9999999999999996e-06 0.000133917
421 8.2090000000000005e-06 0.000132917
422 8.1659999999999994e-06 0.00013108400000000001
423 8.2090000000000005e-06 0.000131917
424 8.1659999999999994e-06 0.00013308300000000001
425 8.1659999999999994e-06 0.000134
426 8.0830000000000004e-06 0.00013204199999999999
427 7.875e-06 0.00013316700000000001
428 8.1249999999999993e-06 0.00012866700000000001
429 8.208e-06 0.00012850000000000001
430 7.9580000000000007e-06 0.000133459
431 7.8339999999999999e-06 0.00013029200000000001
432 7.6660000000000008e-06 0.000131042
433 7.8329999999999994e-06 0.00012991700000000001
434 7.9589999999999995e-06 0.00012254099999999999
435 7.875e-06 0.00012758299999999999
436 7.8329999999999994e-06 0.00013133400000000001
437 7.9580000000000007e-06 0.000130584
438 7.7500000000000003e-06 0.000123583
439 7.5839999999999997e-06 0.00029733299999999999
440 8.0420000000000003e-06 0.00013204100000000001
441 7.7500000000000003e-06 0.00012816699999999999
442 7.8329999999999994e-06 0.00013041600000000001
443 7.9580000000000007e-06 0.000130042
444 8.0420000000000003e-06 0.00013204100000000001
445 8.0839999999999992e-06 0.00013041699999999999
446 7.875e-06 0.00012666700000000001
447 7.875e-06 0.00013245800000000001
448 7.9589999999999995e-06 0.00013612499999999999
449 8.0420000000000003e-06 0.00012908400000000001
450 8.0420000000000003e-06 0.00012237500000000001
451 7.875e-06 0.00012716600000000001
452 8.1249999999999993e-06 0.00012912500000000001
453 9.4590000000000004e-06 0.00014654100000000001
454 8.4169999999999992e-06 0.00013270799999999999
455 8.3329999999999997e-06 0.000126291
456 8.4160000000000004e-06 0.000120542
457 8.6249999999999996e-06 0.00013520900000000001
458 8.4579999999999993e-06 0.000132125
459 8.2500000000000006e-06 0.00013245800000000001
460 8.2919999999999996e-06 0.00013079199999999999
461 3.8791999999999997e-05 0.00024762500000000002
462 2.0166e-05 0.00015883299999999999
463 8.833e-06 0.000132125
464 8.4579999999999993e-06 0.000131583
465 1.025e-05 0.00037950000000000001
466 8.3750000000000003e-06 0.00013620799999999999
467 8.3750000000000003e-06 0.00013429199999999999
468 4.1332999999999999e-05 0.00040270799999999999
469 1.8417e-05 0.00031845799999999998
470 1.7041000000000002e-05 0.00025862500000000001
471 2.3625000000000002e-05 0.000292458
472 1.6500000000000001e-05 0.000226417
473 8.3750000000000003e-06 0.00015733300000000001
474 8.0830000000000004e-06 0.00013570800000000001
475 8.0830000000000004e-06 0.00017162500000000001
476 8.1249999999999993e-06 0.00013179199999999999
477 8.2500000000000006e-06 0.00013612499999999999
478 8.3329999999999997e-06 0.000132292
479 8.0839999999999992e-06 0.00013220800000000001
480 8.0830000000000004e-06 0.00013300000000000001
481 8.1249999999999993e-06 0.00012512499999999999
482 8.1669999999999999e-06 0.00012750000000000001
483 7.9999999999999996e-06 0.000128916
484 8.2500000000000006e-06 0.000129667
485 7.9580000000000007e-06 0.00013279200000000001
486 8.0420000000000003e-06 0.000135833
487 7.5830000000000001e-06 0.00012287499999999999
488 7.7090000000000002e-06 0.00012820799999999999
489 7.8329999999999994e-06 0.000134375
490 7.7079999999999997e-06 0.000134208
491 7.9999999999999996e-06 0.00013566699999999999
492 7.8329999999999994e-06 0.000128625
493 7.9589999999999995e-06 0.00012687500000000001
494 8.1249999999999993e-06 0.000130708
495 7.9589999999999995e-06 0.000128875
496 7.9589999999999995e-06 0.00012891700000000001
497 8.0420000000000003e-06 0.00012895800000000001
498 7.9999999999999996e-06 0.00013279200000000001
499 8.1669999999999999e-06 0.000134375
500 8.1249999999999993e-06 0.00013433400000000001
501 8.2919999999999996e-06 0.00025595799999999998
502 8.0420000000000003e-06 0.000205875
503 7.875e-06 0.00014079199999999999
504 8.4999999999999999e-06 0.00014308300000000001
505 8.6670000000000002e-06 0.00013687500000000001
506 9.0839999999999998e-06 0.00014208299999999999
507 9.1670000000000005e-06 0.00013375
508 8.4169999999999992e-06 0.000128458
509 8.2910000000000007e-06 0.00013316700000000001
510 8.2910000000000007e-06 0.00013237500000000001
511 8.2910000000000007e-06 0.000133709
512 8.2090000000000005e-06 0.00036183299999999999
513 1.6500000000000001e-05 0.00040787499999999998
514 2.2249999999999999e-05 0.00035274999999999998
515 8.6659999999999997e-06 0.00037595899999999998
516 1.7833e-05 0.00030629099999999999
517 9.2499999999999995e-06 0.000229958
518 1.6500000000000001e-05 0.000271959
519 3.3124999999999999e-05 0.00028400000000000002
520 1.6792000000000001e-05 0.000286416
521 8.4999999999999999e-06 0.00015666700000000001
522 8.4169999999999992e-06 0.00014375
523 8.5839999999999995e-06 0.00014333299999999999
524 1.7708999999999999e-05 0.00027879199999999998
525 1.6583999999999999e-05 0.000266791
526 1.6209e-05 0.00027004200000000001
527 1.6625000000000001e-05 0.00033716600000000002
528 8.4579999999999993e-06 0.000220583
529 8.9590000000000001e-06 0.00013479099999999999
530 8.3750000000000003e-06 0.00012975000000000001
531 8.0830000000000004e-06 0.000133292
532 8.1249999999999993e-06 0.000134167
533 7.8329999999999994e-06 0.00013183300000000001
534 7.875e-06 0.000119208
535 1.7207999999999999e-05 0.00033187499999999998
536 6.5666000000000005e-05 0.00034054199999999999
537 1.6833e-05 0.00042837499999999999
538 3.0375e-05 0.000561959
539 3.1832999999999998e-05 0.00035387500000000002
540 1.6625000000000001e-05 0.00068999999999999997
541 9.4579999999999999e-06 0.00025724999999999999
542 1.6708e-05 0.00026554200000000001
543 1.6042e-05 0.000184542
544 8.1659999999999994e-06 0.00014108400000000001
545 8.0420000000000003e-06 0.00013679100000000001
546 7.9999999999999996e-06 0.000131333
547 8.2500000000000006e-06 0.00013145799999999999
548 8.1249999999999993e-06 0.00013520900000000001
549 8.1249999999999993e-06 0.00013308300000000001
550 8.0420000000000003e-06 0.00013145799999999999
551 1.7833e-05 0.00029666700000000002
552 1.6249999999999999e-05 0.00032929200000000002
553 2.1917e-05 0.00038770800000000001
554 8.7919999999999998e-06 0.00014179199999999999
555 2.5292000000000001e-05 0.00035812499999999999
556 1.6458999999999999e-05 0.000281
557 8.4999999999999999e-06 0.00014175
558 2.0083000000000001e-05 0.00027670800000000002
559 1.6249999999999999e-05 0.00030820899999999999
560 3.2499999999999997e-05 0.00029637499999999998
561 1.6249999999999999e-05 0.00026508400000000001
562 1.6500000000000001e-05 0.00025133300000000001
563 8.5420000000000005e-06 0.00013366699999999999
564 1.7958999999999999e-05 0.000264708
565 2.4542e-05 0.00013533299999999999
566 8.541e-06 0.00012854199999999999
567 8.3750000000000003e-06 0.000133542
568 8.2500000000000006e-06 0.00013020800000000001
569 8.3340000000000002e-06 0.000133292
570 8.208e-06 0.000129042
571 7.7500000000000003e-06 0.000127584
572 7.8329999999999994e-06 0.00012262500000000001
573 8.2500000000000006e-06 0.000135542
574 8.0830000000000004e-06 0.000188834
575 1.7416000000000001e-05 0.00041354199999999998
576 9.7079999999999992e-06 0.00024733399999999999
577 9.0000000000000002e-06 0.000194625
578 2.2541999999999999e-05 0.000177417
579 1.8084000000000002e-05 0.00029920800000000003
580 1.6667000000000002e-05 0.00021329199999999999
581 8.9590000000000001e-06 0.00032874999999999999
582 9.6250000000000002e-06 0.00014637499999999999
583 8.9160000000000007e-06 0.000262625
584 1.6915999999999999e-05 0.00034541699999999999
585 3.9875e-05 0.000147792
586 8.7499999999999992e-06 0.00013641700000000001
587 8.7080000000000003e-06 0.00013558299999999999
588 8.7080000000000003e-06 0.00017970900000000001
589 8.5420000000000005e-06 0.00013783299999999999
590 8.1659999999999994e-06 0.00026058400000000001
591 1.6625000000000001e-05 0.00026966700000000002
592 1.7875000000000001e-05 0.00027637499999999998
593 1.6625000000000001e-05 0.00028412499999999998
594 1.6209e-05 0.00030437500000000001
595 1.7e-05 0.00030741600000000003
596 1.6833e-05 0.00029666700000000002
597 1.6790999999999999e-05 0.00026933399999999998
598 1.6667000000000002e-05 0.00026604100000000001
599 1.6209e-05 0.00026304099999999999
600 1.6084000000000001e-05 0.00026470900000000002
601 2.9666e-05 0.00027212500000000001
602 1.7082999999999999e-05 0.00022695899999999999
603 1.8167000000000001e-05 0.00028245800000000003
604 1.6416999999999999e-05 0.00026783299999999998
605 1.6750000000000001e-05 0.00026362500000000002
606 1.6291999999999999e-05 0.00026150000000000001
607 1.6583e-05 0.00026195800000000002
608 1.6291999999999999e-05 0.00031399999999999999
609 1.6875e-05 0.00031504200000000002
610 1.6875e-05 0.00032816699999999998
611 1.7291000000000001e-05 0.00032366699999999998
612 3.5374999999999999e-05 0.00029974999999999999
613 1.6665999999999999e-05 0.00045387500000000001
614 2.6834000000000001e-05 0.00033779099999999999
615 9.0000000000000002e-06 0.00014275
616 8.7090000000000008e-06 0.000152125
617 2.9916999999999998e-05 0.00025862500000000001
618 8.4579999999999993e-06 0.000138042
619 1.0208e-05 0.00025770799999999999
620 1.9457999999999999e-05 0.00037545800000000001
621 1.825e-05 0.00027904200000000002
622 1.6833e-05 0.00030033300000000001
623 8.7090000000000008e-06 0.0004325
624 8.7909999999999993e-06 0.000143917
625 8.9169999999999995e-06 0.000136458
626 8.7499999999999992e-06 0.000131292
627 8.541e-06 0.000128584
628 8.0420000000000003e-06 0.00012058299999999999
629 1.7833e-05 0.00027050000000000002
630 1.6583e-05 0.00026445899999999998
631 1.6875e-05 0.00025854200000000001
632 1.7042e-05 0.00027170800000000001
633 1.6750000000000001e-05 0.00026975000000000002
634 1.6792000000000001e-05 0.00043108300000000002
635 1.6708e-05 0.00035379200000000002
636 1.7750000000000001e-05 0.00028870799999999999
637 1.6416999999999999e-05 0.00029583399999999997
638 1.6750000000000001e-05 0.00027016699999999998
639 1.6915999999999999e-05 0.000267125
640 1.6665999999999999e-05 0.00028316700000000002
641 1.6541999999999998e-05 0.000381958
642 4.8000000000000001e-05 0.00028658299999999998
643 1.7042e-05 0.00026420799999999999
644 1.6333000000000001e-05 0.000263417
645 1.6665999999999999e-05 0.000332875
646 1.6833999999999998e-05 0.00027087500000000001
647 1.7167e-05 0.00026304200000000001
648 1.6541e-05 0.00025924999999999999
649 1.6500000000000001e-05 0.00026037500000000003
650 1.7541e-05 0.00028545900000000001
651 1.6208000000000001e-05 0.00026854199999999998
652 2.1540999999999999e-05 0.00026350000000000001
653 1.6249999999999999e-05 0.00027741700000000002
654 8.9579999999999996e-06 0.00014445800000000001
655 8.2500000000000006e-06 0.000134833
656 8.3750000000000003e-06 0.00013154099999999999
657 8.1669999999999999e-06 0.00012937499999999999
658 8.208e-06 0.00026283399999999998
659 1.6957999999999999e-05 0.000274083
660 1.7249999999999999e-05 0.00025549999999999998
661 8.5839999999999995e-06 0.000137625
662 8.5420000000000005e-06 0.000343417
663 2.7083000000000001e-05 0.00038045800000000002
664 8.4999999999999999e-06 0.00013445800000000001
665 8.2500000000000006e-06 0.00019520900000000001
666 1.6500000000000001e-05 0.00026654199999999998
667 1.6167e-05 0.00024449999999999998
668 8.208e-06 0.00013704200000000001
669 8.1669999999999999e-06 0.000128792
670 7.6660000000000008e-06 0.000119542
671 8.1669999999999999e-06 0.00012858300000000001
672 8.2090000000000005e-06 0.000129708
673 8.2090000000000005e-06 0.000129875
674 8.0409999999999998e-06 0.000127458
675 8.0830000000000004e-06 0.00012837499999999999
676 7.9170000000000006e-06 0.000130875
677 8.2090000000000005e-06 0.00030095799999999999
678 2.3209000000000001e-05 0.000147959
679 8.2500000000000006e-06 0.00013674999999999999
680 8.3750000000000003e-06 0.00013100000000000001
681 8.6249999999999996e-06 0.000203
682 1.7541999999999999e-05 0.00018041699999999999
683 1.7e-05 0.00025312499999999999
684 8.4169999999999992e-06 0.000227791
685 1.8374999999999999e-05 0.00028937499999999997
686 1.6833999999999998e-05 0.000352958
687 1.6458000000000001e-05 0.000268041
688 1.6124999999999999e-05 0.00027020800000000003
689 1.6500000000000001e-05 0.00026208299999999998
690 1.6750000000000001e-05 0.00026316600000000001
691 1.7207999999999999e-05 0.00027012500000000002
692 1.6375000000000002e-05 0.00025912500000000002
693 1.6583999999999999e-05 0.00048895799999999995
694 8.541e-06 0.00026637500000000001
695 1.6790999999999999e-05 0.00027166700000000001
696 1.6291999999999999e-05 0.00026275000000000002
697 1.6124999999999999e-05 0.00026333299999999998
698 1.5999999999999999e-05 0.00026249999999999998
699 1.6334e-05 0.00025966599999999998
700 1.6124999999999999e-05 0.00026008299999999998
701 1.6500000000000001e-05 0.00032475000000000001
702 1.6917000000000001e-05 0.00045458299999999999
703 3.8667000000000001e-05 0.00016191600000000001
704 8.9590000000000001e-06 0.000157541
705 8.3340000000000002e-06 0.00016720799999999999
706 8.1249999999999993e-06 0.000144666
707 7.9999999999999996e-06 0.00012891700000000001
708 9.3340000000000008e-06 0.000142958
709 8.3750000000000003e-06 0.000130875
710 8.4589999999999998e-06 0.00013362500000000001
711 8.0830000000000004e-06 0.00013075000000000001
712 7.9999999999999996e-06 0.000125084
713 8.0830000000000004e-06 0.000259375
714 9.0410000000000003e-06 0.00014691699999999999
715 8.2500000000000006e-06 0.00015441700000000001
716 8.1249999999999993e-06 0.00016083300000000001
717 1.6375000000000002e-05 0.00026637500000000001
718 1.6084000000000001e-05 0.000265042
719 1.6209e-05 0.000263
720 1.6082999999999998e-05 0.00026525000000000002
721 1.6041000000000001e-05 0.00026270800000000001
722 1.6458000000000001e-05 0.00026124999999999998
723 1.6124999999999999e-05 0.000263792
724 1.5959000000000001e-05 0.000263334
725 1.6042e-05 0.00025995800000000002
726 1.6333000000000001e-05 0.00025849999999999999
727 1.6124999999999999e-05 0.000259375
728 1.6625000000000001e-05 0.00056866700000000002
729 1.6875e-05 0.00030520800000000001
730 8.6249999999999996e-06 0.000197875
731 1.7541999999999999e-05 0.00028462499999999999
732 1.8042000000000001e-05 0.00032129100000000002
733 1.0208e-05 0.000186708
734 2.1500000000000001e-05 0.000144917
735 8.9579999999999996e-06 0.00014470800000000001
736 1.8291000000000002e-05 0.00036333300000000003
737 1.7833e-05 0.00060070900000000005
738 1.7167e-05 0.00032770800000000001
739 8.7919999999999998e-06 0.00022225000000000001
740 8.3750000000000003e-06 0.000143666
741 8.3750000000000003e-06 0.000135375
742 7.9999999999999996e-06 0.000159042
743 9.5410000000000006e-06 0.00014283399999999999
744 8.5830000000000007e-06 0.00012791699999999999
745 8.4579999999999993e-06 0.00013145799999999999
746 8.4999999999999999e-06 0.00012333400000000001
747 8.2910000000000007e-06 0.000128708
748 8.3750000000000003e-06 0.00013220800000000001
749 7.7919999999999993e-06 0.00011979199999999999
750 8.1669999999999999e-06 0.00012633300000000001
751 8.6670000000000002e-06 0.00015316700000000001
752 8.541e-06 0.00014083300000000001
753 8.3750000000000003e-06 0.000137291
754 9.1249999999999999e-06 0.000160958
755 8.4589999999999998e-06 0.00018412499999999999
756 8.208e-06 0.00015629199999999999
757 8.4999999999999999e-06 0.00013275
758 8.3340000000000002e-06 0.00013204100000000001
759 8.0839999999999992e-06 0.000156417
760 8.5420000000000005e-06 0.00017945799999999999
761 1.1583000000000001e-05 0.000136625
762 8.1249999999999993e-06 0.000141667
763 8.1669999999999999e-06 0.00013362500000000001
764 8.0830000000000004e-06 0.00020620799999999999
765 8.1249999999999993e-06 0.00014362500000000001
766 8.5420000000000005e-06 0.00017525
767 8.1249999999999993e-06 0.00033508300000000002
768 4.6332999999999998e-05 0.00035308300000000002
769 1.7958999999999999e-05 0.00030704099999999998
770 8.2919999999999996e-06 0.00019325000000000001
771 8.2919999999999996e-06 0.000145666
772 8.1249999999999993e-06 0.00013183300000000001
773 8.4579999999999993e-06 0.00023004199999999999
774 8.2500000000000006e-06 0.00025945900000000002
775 8.7499999999999992e-06 0.00018529199999999999
776 8.3750000000000003e-06 0.00013137500000000001
777 8.1249999999999993e-06 0.000130667
778 8.208e-06 0.000160917
779 8.4589999999999998e-06 0.00044549999999999999
780 9.0410000000000003e-06 0.00014825
781 8.6670000000000002e-06 0.00054258300000000002
782 9.0829999999999993e-06 0.00019595800000000001
783 8.6249999999999996e-06 0.00044108299999999999
784 0.00020458299999999999 0.00014474999999999999
785 9.2920000000000001e-06 0.00013604200000000001
786 8.3329999999999997e-06 0.00012641700000000001
787 8.208e-06 0.00012487500000000001
788 8.833e-06 0.00014387499999999999
789 8.6249999999999996e-06 0.00013583399999999999
790 8.4579999999999993e-06 0.00013875000000000001
791 8.0839999999999992e-06 0.00017312499999999999
792 7.9160000000000001e-06 0.00011383399999999999
793 8.3340000000000002e-06 0.00012445800000000001
794 7.9160000000000001e-06 0.00013162499999999999
795 1.8875000000000001e-05 0.00027508300000000002
796 1.7249999999999999e-05 0.00026958400000000001
797 8.8750000000000006e-06 0.000269125
798 1.6957999999999999e-05 0.00025904200000000002
799 9.8330000000000006e-06 0.000306416
800 9.2499999999999995e-06 0.00026029200000000002
801 7.9580000000000007e-06 0.00019841699999999999
802 8.541e-06 0.000140459
803 8.3750000000000003e-06 0.000131834
804 8.4169999999999992e-06 0.000228791
805 8.4160000000000004e-06 0.00035662500000000001
806 4.8959000000000003e-05 0.00014200000000000001
807 8.9169999999999995e-06 0.00013754199999999999
808 8.5420000000000005e-06 0.001021208
809 1.7750000000000001e-05 0.00026487499999999997
810 8.2919999999999996e-06 0.00014387499999999999
811 8.208e-06 0.00024354199999999999
812 9.0410000000000003e-06 0.00025158400000000001
813 1.6458999999999999e-05 0.00042020799999999999
814 1.6665999999999999e-05 0.00037300000000000001
815 1.7374999999999999e-05 0.00044749999999999998
816 1.8165999999999999e-05 0.00021149999999999999
817 9.0420000000000008e-06 0.000581542
818 1.7166000000000001e-05 0.00029733299999999999
819 8.2919999999999996e-06 0.000142208
820 8.7499999999999992e-06 0.00014495900000000001
821 8.3329999999999997e-06 0.000157625
822 8.3329999999999997e-06 0.00018287500000000001
823 8.4589999999999998e-06 0.00086166599999999997
824 8.1659999999999994e-06 0.00019875000000000001
825 9.1249999999999999e-06 0.000144375
826 8.2910000000000007e-06 0.00019695800000000001
827 1.7416999999999999e-05 0.00027195799999999999
828 1.7041000000000002e-05 0.00026675000000000001
829 2.0250000000000001e-05 0.00033895900000000001
830 8.208e-06 0.00020679199999999999
831 1.7917000000000001e-05 0.00043920800000000001
832 9.3749999999999992e-06 0.00031220800000000002
833 1.8167000000000001e-05 0.000402416
834 3.6000000000000001e-05 0.00029691599999999999
835 1.7458000000000001e-05 0.00032633299999999999
836 1.6917000000000001e-05 0.00027641699999999999
837 1.7875000000000001e-05 0.00027704200000000002
838 8.8374999999999993e-05 0.00052045800000000001
839 1.7125e-05 0.00029058300000000002
840 1.2833000000000001e-05 0.00030120899999999998
841 8.6249999999999996e-06 0.000147916
842 9.4169999999999998e-06 0.00023154100000000001
843 2.5083e-05 0.00049833400000000002
844 1.7583000000000001e-05 0.000293708
845 5.8e-05 0.000276125
846 1.6875e-05 0.00052887500000000005
847 1.7917000000000001e-05 0.00027270799999999998
848 1.6583e-05 0.00026337499999999999
849 1.7084000000000001e-05 0.00026370899999999999
850 1.6957999999999999e-05 0.00027345800000000002
851 1.7e-05 0.00024566600000000002
852 9.0000000000000002e-06 0.000211542
853 1.6500000000000001e-05 0.00029974999999999999
854 8.7080000000000003e-06 0.000312417
855 1.7166000000000001e-05 0.00027945800000000001
856 1.7666999999999999e-05 0.00032508299999999999
857 2.1625e-05 0.00028758400000000002
858 2.1375000000000001e-05 0.000275791
859 1.7125e-05 0.00027216700000000003
860 1.6750000000000001e-05 0.00026695799999999997
861 1.6833999999999998e-05 0.00035724999999999998
862 1.0542e-05 0.00022658300000000001
863 8.6670000000000002e-06 0.000202375
864 8.2919999999999996e-06 0.000146
865 8.7499999999999992e-06 0.00027529200000000001
866 8.1249999999999993e-06 0.000136959
867 8.0830000000000004e-06 0.00012991700000000001
868 8.0839999999999992e-06 0.00013133400000000001
869 7.8329999999999994e-06 0.00025054100000000001
870 5.8749999999999998e-05 0.000127792
871 1.9874999999999999e-05 0.00032170899999999999
872 8.5839999999999995e-06 0.0014051249999999999
873 8.9579999999999996e-06 0.00042674999999999999
874 4.4749999999999997e-05 0.00041291599999999999
875 1.7249999999999999e-05 0.00041879200000000002
876 1.9874999999999999e-05 0.00030208299999999997
877 6.5166999999999995e-05 0.00032983300000000003
878 5.0875000000000003e-05 0.000143666
879 1.7209000000000001e-05 0.000369291
880 9.0000000000000002e-06 0.00013687500000000001
881 1.9749999999999999e-05 0.00033308399999999998
882 3.5166999999999997e-05 0.000410541
883 3.0167000000000001e-05 0.00048974999999999995
884 2.2166000000000001e-05 0.00043300000000000001
885 8.6670000000000002e-06 0.000371333
886 1.6458000000000001e-05 0.00034654199999999998
887 8.4999999999999999e-06 0.00013829200000000001
888 8.6249999999999996e-06 0.00013300000000000001
889 8.3750000000000003e-06 0.00012745899999999999
890 8.2500000000000006e-06 0.00012833300000000001
891 8.2919999999999996e-06 0.00013100000000000001
892 7.9999999999999996e-06 0.000120375
893 8.208e-06 0.000127
894 9.2499999999999995e-06 0.00043770899999999999
895 1.6915999999999999e-05 0.00034554200000000001
896 1.7459e-05 0.00039016700000000002
897 9.4579999999999999e-06 0.00057324999999999997
898 8.833e-06 0.00013587500000000001
899 8.4579999999999993e-06 0.00036358300000000001
900 1.7291000000000001e-05 0.00028816699999999998
901 1.7374999999999999e-05 0.00027404099999999999
902 1.7833e-05 0.00027616700000000001
903 1.7082999999999999e-05 0.00028566699999999997
904 8.9579999999999996e-06 0.000282708
905 1.6667000000000002e-05 0.000209583
906 1.6792000000000001e-05 0.00018683400000000001
907 9.1249999999999999e-06 0.00013999999999999999
908 8.7499999999999992e-06 0.00013420899999999999
909 8.833e-06 0.000139834
910 4.2959e-05 0.000132125
911 8.3340000000000002e-06 0.000224916
912 1.7125e-05 0.00015466699999999999
913 2.5083e-05 0.0002375
914 8.5830000000000007e-06 0.00014241699999999999
915 3.4666999999999999e-05 0.000205291
916 1.7334e-05 0.000316084
917 1.6957999999999999e-05 0.000234167
918 8.208e-06 0.00013429199999999999
919 8.2919999999999996e-06 0.000125666
920 8.1669999999999999e-06 0.00012679100000000001
921 7.7090000000000002e-06 0.000121958
922 8.1249999999999993e-06 0.000126
923 7.8329999999999994e-06 0.00012629199999999999
924 8.3329999999999997e-06 0.000126458
925 8.0839999999999992e-06 0.00012966599999999999
926 8.1669999999999999e-06 0.00013191599999999999
927 8.3329999999999997e-06 0.000141042
928 8.208e-06 0.00029479199999999999
929 1.7082999999999999e-05 0.00022175
930 8.2500000000000006e-06 0.000169708
931 1.9959e-05 0.00026658399999999999
932 8.3750000000000003e-06 0.0002655
933 1.6792000000000001e-05 0.000209292
934 9.6250000000000002e-06 0.00021108300000000001
935 8.9160000000000007e-06 0.000174792
936 8.3329999999999997e-06 0.000224792
937 2.5457999999999999e-05 0.00028995799999999999
938 1.7249999999999999e-05 0.00022000000000000001
939 8.2500000000000006e-06 0.00014766599999999999
940 2.3334000000000001e-05 0.00030779199999999998
941 1.6458000000000001e-05 0.00028600000000000001
942 1.6124999999999999e-05 0.00030662499999999999
943 1.7249999999999999e-05 0.00023166699999999999
944 1.5291999999999999e-05 0.00013625000000000001
945 8.3340000000000002e-06 0.00012750000000000001
946 8.4579999999999993e-06 0.00012341699999999999
947 1.6957999999999999e-05 0.000266292
948 1.6959000000000001e-05 0.00026670799999999999
949 9.9159999999999996e-06 0.00055845899999999997
950 9.2499999999999995e-06 0.00024149999999999999
951 1.6792000000000001e-05 0.00027125000000000001
952 1.6500000000000001e-05 0.000261916
953 0.00015241699999999999 0.00015141699999999999
954 0.00010975 0.00031387500000000003
955 8.7919999999999998e-06 0.00013925
956 2.1540999999999999e-05 0.000145625
957 8.5830000000000007e-06 0.000133375
958 8.541e-06 0.000124459
959 8.4169999999999992e-06 0.00015037500000000001
960 9.1249999999999999e-06 0.00038691700000000002
961 8.4579999999999993e-06 0.00013875000000000001
962 8.4579999999999993e-06 0.00012816699999999999
963 8.4169999999999992e-06 0.00029474999999999998
964 8.5420000000000005e-06 0.00071750000000000004
965 8.3340000000000002e-06 0.000451292
966 8.9160000000000007e-06 0.00016387500000000001
967 2.4457999999999999e-05 0.000139791
968 1.5875e-05 0.00048050000000000002
969 8.6249999999999996e-06 0.00014462500000000001
970 8.6249999999999996e-06 0.00014375
971 1.825e-05 0.00027429100000000002
972 1.6333000000000001e-05 0.00026879200000000001
973 3.9167e-05 0.00039724999999999998
974 3.1708000000000002e-05 0.00024975000000000003
975 8.541e-06 0.000212084
976 1.7125e-05 0.00032741699999999999
977 1.7666999999999999e-05 0.00064150000000000003
978 8.4579999999999993e-06 0.00077275
979 1.7249999999999999e-05 0.001739333
980 1.6959000000000001e-05 0.00027104199999999998
981 1.6750000000000001e-05 0.00020520900000000001
982 8.8340000000000005e-06 0.00013525000000000001
983 8.2919999999999996e-06 0.00012908400000000001
984 8.4579999999999993e-06 0.000127167
985 7.9999999999999996e-06 0.00025545899999999998
986 1.6957999999999999e-05 0.000172041
987 8.2919999999999996e-06 0.00013658299999999999
988 8.1249999999999993e-06 0.00013195899999999999
989 7.7500000000000003e-06 0.00012783299999999999
990 1.7541999999999999e-05 0.00020116700000000001
991 1.8167000000000001e-05 0.000234417
992 1.6500000000000001e-05 0.00017899999999999999
993 8.3329999999999997e-06 0.000140958
994 8.1249999999999993e-06 0.00016079199999999999
995 9.0420000000000008e-06 0.00014175
996 8.4999999999999999e-06 0.000132292
997 8.1669999999999999e-06 0.00020308300000000001
998 2.6625e-05 0.00028654199999999998
999 1.7291000000000001e-05 0.00023354199999999999
1000 1.7791999999999998e-05 0.00030824999999999998
