0
12.710374016341362 14.915492692009272 0 0
17.876578331353659 2.0714138558774891 0 0
7.5206077445646136 5.5892954615122159 0 0
0.48337751626175529 10.462652112492394 0 0
12.67794046933739 16.367355718098942 0 0
14.933521593386383 9.0047187195028631 0 0
1.4933996049011007 14.837459337238302 0 0
8.5401502337435211 2.1885008925136518 0 0
2.0736332507350799 10.589091240484256 0 0
15.327478613950142 2.6341093797976995 0 0
6.5641159466775472 14.89272084662519 0 0
1.1023614329100135 18.305479020144734 0 0
8.3633356534354863 6.0547191281541108 0 0
13.905032093560109 9.2075063749668296 0 0
9.7827277307298726 4.3757428312968081 0 0
9.8649549694033958 7.7365301888763041 0 0
8.3615985194907694 8.7230986032694986 0 0
1.6829919753099798 16.261128656072106 0 0
8.8963598621929094 19.666874493694614 0 0
12.321781982642154 11.498011946440117 0 0
9.5268095973590494 16.309761171512879 0 0
8.919292211907992 6.293557208559335 0 0
10.444956084841321 7.3619878616308592 0 0
6.2080844496093111 13.626968182560621 0 0
15.597921234239738 12.965214829904468 0 0
8.1006374747691261 18.5106501648273 0 0
6.0856641373932678 14.648143281316893 0 0
7.1258814384525522 2.9527823268301909 0 0
11.808313222371098 10.421485727978151 0 0
1.4024774096922314 7.4052082720303849 0 0
12.178812356527393 7.9628804475970743 0 0
14.688752955773468 4.7417171689822686 0 0
2.6619956228060251 15.608920641106687 0 0
2.0419417192459246 17.613745837416893 0 0
2.4511523814082881 13.754809162901779 0 0
14.299774035988685 12.046425989426735 0 0
15.249330003237068 18.376321844205524 0 0
7.8679839790530322 7.4949960073468951 0 0
17.472353387534383 1.5343740795465801 0 0
5.9620919665890355 8.369642023139102 0 0
16.869128192805746 9.7238781080030812 0 0
16.225141396214589 8.6076300653412314 0 0
17.344343291080051 15.703455389818945 0 0
16.915445446554074 0.775986122094112 0 0
1.6178872512751381 4.2749456902743175 0 0
7.207065212421278 13.9853452937061 0 0
14.735931907187142 3.4382346929229333 0 0
1.8328139814334323 8.0588939309514771 0 0
10.326938452026297 13.34937804141048 0 0
10.034446575547184 10.444645982318944 0 0
15.693093429220918 3.9034042140207541 0 0
11.063709689707075 1.825904430694443 0 0
8.6809647082800332 9.477860344178632 0 0
11.918392397751916 19.582982384115958 0 0
7.6615536097620103 9.6535340122629183 0 0
5.88133276788749 9.0337169054428461 0 0
1.4689416146923262 10.208884838154997 0 0
4.1320276094337682 0.25457449617975408 0 0
5.5457188229054442 3.7482795903734765 0 0
15.793939523220446 8.216777297741265 0 0
13.411433397404746 19.092681522293766 0 0
1.6901671590745051 12.585687094971474 0 0
3.7216970018352882 17.579607501806411 0 0
2.2447241844556163 3.4158847686732488 0 0
6.5605698728020672 2.2632181646555618 0 0
4.9339076920773053 17.405332171132006 0 0
4.2903090650806046 3.4103034531046776 0 0
3.3322750583513097 2.6324704692803942 0 0
18.823426903645309 8.554832103138013 0 0
2.8553620678534037 2.762760012244859 0 0
6.78094056879074 16.744553737270991 0 0
6.6033705418401771 18.311496831696029 0 0
8.4844164801449331 12.583185036732232 0 0
3.7566682294847626 8.5382093298715489 0 0
12.787235508941119 1.8250106644098523 0 0
12.58690245208761 17.968483011943238 0 0
17.153494553051129 4.4655090529811501 0 0
18.273019238855213 14.373627731173782 0 0
3.7807938541411823 5.080051686097641 0 0
1.3953087693273749 3.2595754824349941 0 0
0.54687570425515386 9.0525113826885377 0 0
0.76835396057202576 7.2178170589897226 0 0
3.6374246824354555 13.705048786723534 0 0
10.226533391414067 1.6880386027390228 0 0
10.595333093308808 3.549712041256802 0 0
17.143237787043276 18.151155803140281 0 0
10.747411707874811 14.273976348476273 0 0
19.395410790854502 2.3001397580897742 0 0
16.416859160733708 9.2722754565467778 0 0
19.144729653436144 9.3133525990470947 0 0
18.878860568873549 13.194493879819401 0 0
3.2081586786908551 17.584884588503524 0 0
4.9773963795266178 3.2581233176045528 0 0
12.197355524568282 6.3258001325836899 0 0
14.370641255073133 13.979233527913708 0 0
2.6306349548535772 7.1060085816093492 0 0
2.3842912200538362 9.4195187659597881 0 0
16.571978537467633 16.212549021072764 0 0
9.0813893166529933 17.004951268016029 0 0
12.755268235910171 0.91968260870997143 0 0
19.197551659338728 3.8228324328666883 0 0
11.695833430727845 17.3619297696576 0 0
1.285359554320358 19.224004742174948 0 0
10.788661261038051 2.478670460532169 0 0
16.530908843833213 18.263557992398226 0 0
1.8069597788904848 11.409097024786085 0 0
2.0356292161653666 13.14832076970298 0 0
7.8293176728857024 13.416890930951187 0 0
14.766741763177043 16.641911327829717 0 0
10.035283385863858 11.325713859981278 0 0
8.1002583796931589 15.982754063962821 0 0
18.685606124558426 9.4755757587720986 0 0
17.207957277068179 8.3818606568386063 0 0
9.2321112005298076 13.850327793763965 0 0
7.8138216341996483 8.7757945088697085 0 0
16.270505210305302 7.5241499750423291 0 0
11.563574593591664 12.646427149940028 0 0
15.813460995865915 10.473796728380661 0 0
19.655047190128933 9.2476305865221597 0 0
13.9330744454473 13.206507649302614 0 0
6.7529609375415154 5.3080643370081528 0 0
11.143595422984053 7.7412013897449903 0 0
7.300024045482024 4.7270214410835241 0 0
13.625128021292115 12.571628328087172 0 0
13.448517689320493 5.7720615214795119 0 0
18.565019298023095 2.0852699826391103 0 0
6.1823659392541854 16.379747360957086 0 0
17.436533702529832 3.9068220695823341 0 0
4.9550791310190636 6.4118729660713072 0 0
15.966046241172393 9.1210782236824475 0 0
7.7301757857171927 8.2610124111712224 0 0
18.682608364412932 18.717046837044066 0 0
18.269203648097776 7.8112064781366017 0 0
11.258907732495967 5.3152720165462224 0 0
17.653628001722581 9.6241881321007394 0 0
15.01158280319455 11.182059128357935 0 0
11.381802486313042 16.327083791982965 0 0
1.3028982832172906 11.03741576666914 0 0
11.563777015068268 14.270338651935571 0 0
2.487711236457776 2.0560874128177935 0 0
12.255514633017002 8.5644078745062355 0 0
14.114168631969768 15.498965827473542 0 0
2.333751678585803 12.684947638145939 0 0
13.062189635894297 13.072452567574944 0 0
9.3196029212089755 12.122832968652167 0 0
16.538106199932439 6.9467507952660874 0 0
13.539202313620191 2.350783159949664 0 0
5.9263886527314185 11.157384140671571 0 0
9.7103461837732041 6.135250962450427 0 0
12.282650636158195 4.3258085645512594 0 0
4.1664199415056586 7.8529830827589908 0 0
9.1666451845219417 4.6439945778886447 0 0
3.7010134744012322 9.8687941890085042 0 0
16.148705180278601 15.639816567224541 0 0
15.065062729128854 14.069934024268719 0 0
12.765863243923622 8.4724707405786113 0 0
0.47173188736027566 8.1236733631762359 0 0
7.1775304834367741 18.575612559895426 0 0
13.632071702174715 2.9176081633063009 0 0
4.5433940771233274 9.4716790421730934 0 0
1.7071753730380328 9.5006928420869095 0 0
14.489585225016389 2.3779033584060816 0 0
5.847088871074817 15.725748194132322 0 0
5.6370183298411582 17.581750266778794 0 0
19.079883888854244 15.389154250644086 0 0
3.8767691031912186 6.649881339020844 0 0
0.27275357905298853 7.6086510880684672 0 0
15.701048244101669 16.219464050569918 0 0
10.401029670773314 17.188868870308802 0 0
13.03802479408477 19.621997983023778 0 0
7.668492692397944 2.7012908192787597 0 0
9.3824946784625336 11.532553566069117 0 0
8.3769501071858237 15.056677526706556 0 0
8.9448045692113709 3.7954243441652995 0 0
8.6363457641261352 7.0033670737380662 0 0
16.318981623590478 5.3046285349177991 0 0
6.7693255705428514 7.2485067178554701 0 0
0.85934298149667787 10.099752094874596 0 0
4.9206663355176934 5.3135413421190698 0 0
7.4871184040888643 11.20338327733403 0 0
1.9285989878375749 15.626140134269853 0 0
18.015204636116806 1.3393232154448949 0 0
13.102869385760439 18.080912448979472 0 0
4.4087567250015285 5.174504884068968 0 0
8.2632614114085765 16.783323920538791 0 0
4.5066357289885124 10.742427178740138 0 0
13.050486246518352 8.9451415414722675 0 0
8.2861235398798474 12.096552949791295 0 0
1.5982741291025087 4.7956917383154867 0 0
15.601351887328708 6.2590218520981322 0 0
19.377517411997587 11.381108676530994 0 0
4.7791017213069749 8.0099654796042152 0 0
3.0605211767568732 10.492088222566055 0 0
15.797315636690891 6.7972182633157834 0 0
13.86001723619302 13.897366196707296 0 0
2.3611114380762719 19.487592009154877 0 0
3.3985766060968285 9.1118311218356567 0 0
9.2603402393831225 2.4220025212711755 0 0
9.1380842382367966 10.702311596451347 0 0
11.416352310950547 9.349562467384418 0 0
1.2580663566119707 0.68601250888464937 0 0
12.104461032600495 15.92671746152282 0 0
3.1905590695667896 3.1415781719310458 0 0
9.3237540496646876 9.9599884676977126 0 0
19.345862241376185 4.6397881174724489 0 0
5.4276543447694774 0.98734029590073902 0 0
12.628486250717376 6.6822850772992419 0 0
9.8673321418798974 18.44501379165369 0 0
19.011322259001162 6.8712222314974136 0 0
4.7035353140823482 2.0944750339120892 0 0
16.207021691615616 16.627765094671766 0 0
15.59934882744478 1.1997239797109158 0 0
11.042272936299492 3.1436691182500547 0 0
0.73937528985274714 4.5213841109430914 0 0
10.131307963127611 16.159669563390711 0 0
11.843573457625141 6.6562076393192422 0 0
17.710599259681931 7.4882800331741288 0 0
0.99138177836813435 1.7656227574238166 0 0
15.273924984473958 19.116520127645789 0 0
14.827447950284991 4.0605558621734952 0 0
17.870373057242858 18.169007800601751 0 0
3.8126598647086016 11.350728669675201 0 0
19.661400222097448 10.976751639525524 0 0
10.284009911946074 4.4681776944259646 0 0
3.7550195577838732 18.880459434973265 0 0
2.9298966053238433 3.756739538166932 0 0
19.093485284664041 11.835477023142046 0 0
18.97305306105039 18.162668834866132 0 0
7.2196753584121023 1.6924734168195399 0 0
12.075747259410571 18.659535687036616 0 0
12.055120549674534 17.990987223485163 0 0
9.9099204470712721 17.90662725258677 0 0
6.6018473431062343 11.40088250639703 0 0
17.070156798264655 10.813058372849579 0 0
18.570403347665582 0.38347620077926553 0 0
7.1071426347240223 17.703263683796191 0 0
13.355124433657695 11.540016649864535 0 0
5.4992085488873927 10.412952205018756 0 0
12.729860667674002 17.070574608659673 0 0
16.974133429620125 2.7248479411209279 0 0
15.837760078581461 3.2483304295461077 0 0
16.582919047518139 3.8949725158984334 0 0
18.353424596803986 8.9126991286485797 0 0
17.087254426413537 5.5988249681131039 0 0
19.364760271467887 5.3041469938613286 0 0
11.009842038614828 12.334704274424274 0 0
12.177919655658352 5.5321249892609954 0 0
7.5003998589377989 4.0189933247550824 0 0
11.16386346523837 13.107207672952843 0 0
18.824743652928049 7.5561254421739763 0 0
4.2776972619314977 2.6712447879504606 0 0
8.1125076569188668 14.572071712762197 0 0
4.0704743895152937 15.913914212480696 0 0
2.2579974024494667 12.182604857007981 0 0
15.457700152507622 0.49193659972562309 0 0
17.721673709050414 13.757153806932941 0 0
6.5744611809578748 3.5214360421837201 0 0
2.4796077721048526 6.4720229975954142 0 0
5.4378589649206788 12.625896452845778 0 0
9.6096611737720785 14.829940370077971 0 0
18.232805836830906 11.412517847394794 0 0
5.7047379081885223 6.5830616932596016 0 0
17.70301392563232 6.7991922380777083 0 0
3.8953321487210251 18.036764931647475 0 0
14.471435690044292 8.3417047222311158 0 0
1.949498615914546 14.603384943094902 0 0
2.1196567941848161 2.8696413803318634 0 0
3.4466340013474337 4.2923109231196364 0 0
18.305636107857186 13.794623239880366 0 0
6.8301539907741589 6.1395209577869956 0 0
10.544955429184522 10.481370210148336 0 0
9.8552832765585947 15.730847719674747 0 0
6.7913008694234742 12.106503298581828 0 0
15.34589232969854 13.474507597097762 0 0
8.6990026804634191 5.1793069968554128 0 0
3.0902377093476474 14.713528697466346 0 0
13.908742199583454 18.074762398224728 0 0
19.06645166564299 1.8042335250826675 0 0
10.299662433396154 0.25020007388427984 0 0
17.054202650885241 17.022976117287211 0 0
2.3891979863236794 18.286642243850331 0 0
18.879779563216232 9.9821525751673121 0 0
19.04510796522267 14.407074880005284 0 0
9.308242947990836 1.2562294714781677 0 0
5.2217543462236922 7.0010846368988622 0 0
11.55528337664577 2.4018756854063148 0 0
15.201509726288094 9.916178765725892 0 0
5.0385241583942433 4.630336863304791 0 0
7.5840665913142074 16.400744678013595 0 0
9.3210051313715283 13.256069026264834 0 0
11.138194670992853 17.430817400427223 0 0
18.47809353293599 11.985430038143365 0 0
19.094931998458428 16.174306694794613 0 0
6.1218418591415791 3.0004345590187591 0 0
15.958723494253398 17.863560802398307 0 0
4.21133929411761 1.5545527073036709 0 0
16.643443154686878 13.857345646612597 0 0
17.187598260325824 3.2771233630456384 0 0
7.7636013505391075 12.076379192214782 0 0
17.058806495910158 18.962328323401508 0 0
6.4483012099912695 0.958417918886454 0 0
7.7391878864241512 1.6890697220524904 0 0
15.71064775321295 15.126528468484866 0 0
12.570526329408873 2.7658841893201389 0 0
3.7078620021609345 2.9502479047112993 0 0
7.1437371427959357 19.47951102270455 0 0
4.3597317816709626 7.1785306429153755 0 0
17.437709088845654 12.570619385550041 0 0
14.43693990886314 7.5587117344130066 0 0
16.768482610624012 8.7291018931798909 0 0
5.671406189157036 19.329180528207729 0 0
3.7528675725033405 10.435172651242061 0 0
9.694364283806852 16.931249768314199 0 0
8.8006752874674756 14.814692636558471 0 0
2.8397051322139735 8.8036530969702316 0 0
0.42496685122193217 16.134539183551315 0 0
11.248745255401385 13.716370730015438 0 0
18.366485496117637 0.84245161485388309 0 0
3.8069709992823468 14.237218926704216 0 0
2.0532924147904446 9.0083502920464618 0 0
4.7604076750031359 12.402789915934832 0 0
19.682748255743476 14.094444623175729 0 0
5.8376473543366432 9.5725795829263145 0 0
4.9685314887958638 18.954279466267177 0 0
3.3098219878474464 1.3285189175832484 0 0
14.547949891707161 6.2952501728161154 0 0
17.149993185834838 19.55061902922407 0 0
13.536602764810436 5.1522434909761659 0 0
13.519055186720154 10.726582018280823 0 0
5.3901992467773638 14.058186818466417 0 0
17.303710867052683 7.1883276207541638 0 0
9.0986520955952095 18.241269275077041 0 0
1.056627134747353 8.2468387949702926 0 0
16.976306838214569 5.0182030087426082 0 0
0.5470551379194506 12.064307205140031 0 0
8.300575146423121 13.820721334085823 0 0
11.099388313556892 10.781152110794723 0 0
8.7231397633220791 14.210268619909291 0 0
15.214915932156147 16.935033005435145 0 0
3.3131402039585809 7.7594333607138557 0 0
4.6212991706060125 8.7801966556261473 0 0
2.5533486029277683 7.610368255701716 0 0
14.654728768756895 6.8208513368989498 0 0
3.1320735307085834 13.068733754452371 0 0
17.260868862996031 7.8532630336470719 0 0
8.5705600445695911 18.148302678656933 0 0
19.536765519086469 0.59186574538903336 0 0
3.4481867218003805 19.641193287062048 0 0
10.724318526046579 16.574027713307313 0 0
14.226643639385415 10.417341102016707 0 0
5.4166843236492026 16.438594933531952 0 0
0.46827894304124645 5.5054723986575569 0 0
18.315022816274929 9.9495581778998936 0 0
6.4731932610723195 15.624658851210944 0 0
3.8834001196262271 6.1319225352366171 0 0
16.413913931457849 11.812660986608094 0 0
15.622705075650982 1.7362770707230279 0 0
11.355015533216426 14.760588525962167 0 0
16.09497902235481 1.3711216406681801 0 0
13.92765232820126 7.0823298747274439 0 0
11.02673642086979 0.43835155632764056 0 0
3.670157172540959 0.38947593986683454 0 0
17.20223883102862 13.459589791650043 0 0
13.249156551896419 10.251545160644415 0 0
3.3971041358144243 11.811540890917506 0 0
1.3322317990004486 5.5858391256817157 0 0
13.434644180273043 1.4694966677511849 0 0
12.182842190312238 13.504409552444841 0 0
2.8322552919811974 11.397677518512575 0 0
12.837171303269155 9.5989233228807045 0 0
17.962226541003965 4.62097555108791 0 0
18.991716604146539 10.997799950098306 0 0
9.6748225071905321 3.4460953423505427 0 0
5.4563658800138759 12.081614728293731 0 0
16.044027773349363 11.329299991452011 0 0
14.80573498196854 0.75788913371859035 0 0
12.954948792390963 5.4013878575147478 0 0
3.3519783400333587 18.091055944110135 0 0
12.432820719826989 15.473047527215515 0 0
5.2072622011619343 1.6942928528264616 0 0
14.546113050745982 10.943036332465711 0 0
18.030151333363168 12.473495638662472 0 0
14.168542853986468 17.011083820528633 0 0
11.670597466479714 1.8355181533912508 0 0
1.2294493663500554 15.573580282634062 0 0
17.058232181694141 14.629743344056283 0 0
15.767687165582872 7.5122974966983334 0 0
8.6341626613823355 4.5897141527011573 0 0
2.1335196783970893 1.6449756289541375 0 0
8.5269295916745342 10.717830028208024 0 0
0.34521810313565765 6.5047545876262838 0 0
2.4512580885225335 4.092441895859805 0 0
9.4860776360694263 17.51725114664794 0 0
13.811786693934387 8.2471411352416837 0 0
4.4104685734808546 12.960571620559858 0 0
19.018698763474383 16.853659027501354 0 0
17.852069874935619 8.466354453837079 0 0
2.4129089110179831 5.6421405200792281 0 0
11.056039404475689 6.8090077476375459 0 0
3.2601733164145976 16.610526221127458 0 0
15.657298149478388 8.7151487710893374 0 0
10.801978757892922 9.8973313407872823 0 0
5.8067290830045648 15.063124690481498 0 0
10.707088225647464 11.767320007404118 0 0
12.969852337622683 4.0525698517424216 0 0
12.555475846411378 12.098464333657102 0 0
4.5604320357386952 5.9493734233894999 0 0
14.146357534141902 0.77175230635885916 0 0
17.860303973394792 10.564448286405222 0 0
18.918447194247431 2.6170606398939542 0 0
11.664511019191607 8.3176355927958152 0 0
19.067587012040836 8.1128946413789791 0 0
1.3249907529447318 14.344207574236956 0 0
11.551616923274075 3.4714219730946052 0 0
14.427515781809809 13.346286386878333 0 0
2.2542593483813196 16.500108730983211 0 0
6.5826929577515072 1.5840909413135036 0 0
0.39905614002501399 15.508227817038998 0 0
0.5446882745085766 14.145069937645145 0 0
5.9623945683182331 5.7177004040880082 0 0
5.1225102757054497 8.9142441191361268 0 0
2.7659648162313499 17.330317645450517 0 0
14.441248029607337 9.4251527167032787 0 0
17.657737228481423 9.1307210653984363 0 0
4.5856296204416243 19.301810409086588 0 0
4.1366504746232202 3.9965392247654354 0 0
1.71012667483521 17.104214549153191 0 0
7.1091193945817652 15.178991758480857 0 0
1.5456672749805098 8.7463065238737254 0 0
1.7831861745311031 18.716868607579727 0 0
6.4369287102449908 8.7267501933856355 0 0
4.8675352576120501 10.068667441942324 0 0
18.77736859384434 4.3312335199664496 0 0
13.994257257715555 11.52571252012695 0 0
4.8298732178086414 3.9181412131837621 0 0
19.725246574141678 2.6497344557293898 0 0
4.5458884493551475 13.853216380091645 0 0
12.811260927043955 10.944153819620002 0 0
18.29682449467483 15.53767545363816 0 0
13.522121748966905 4.43897750814026 0 0
0.99942995566683812 11.604671193468382 0 0
10.204206873732133 3.907799937293869 0 0
14.862333286525525 12.591177628879285 0 0
11.338611347530836 11.248756712330508 0 0
14.499320042492544 19.338085822445141 0 0
1.7898525372897436 5.8188642712548511 0 0
3.7145496914388945 2.2323050471830794 0 0
15.982428928140003 19.461731787925579 0 0
12.227669273527905 17.4716966976757 0 0
9.9521462599060388 9.6820909042356735 0 0
15.609346399220108 15.619521114375031 0 0
5.9694346872759549 2.0123292598806048 0 0
15.319669392644103 10.47345474644276 0 0
11.997582742195879 12.876303949017117 0 0
13.82158227841159 19.4579922005918 0 0
10.648440024291251 19.528178068078539 0 0
5.4124902904560095 11.529293300079051 0 0
4.9321120062879018 11.386474947895437 0 0
2.7595092432077282 0.32110385487979448 0 0
12.759561136500915 10.157813487725431 0 0
1.054080366592046 17.005921251160906 0 0
19.548173296811203 6.3274724415352566 0 0
10.076390966783018 1.1443405762094008 0 0
19.570146370253951 7.88552562757872 0 0
15.144003427657267 8.0124171958538906 0 0
2.7786322459920831 16.102602439201423 0 0
2.8054377965590573 8.2716362911514096 0 0
4.6416394154807215 18.20876302315018 0 0
16.898477687417746 10.265410728309378 0 0
1.9789211317745494 14.073409977268463 0 0
15.814735811968378 14.269794963672338 0 0
1.1270956807858932 9.6366259212581173 0 0
5.9495505965644595 5.1010271687159028 0 0
2.014548608626014 5.2459894005160894 0 0
14.387921385553653 1.8446191934927734 0 0
12.674865814189808 19.251642875553518 0 0
19.701196749633304 15.56531978608634 0 0
9.5766767900231873 19.633472910808173 0 0
17.693988074434216 14.721298807899698 0 0
2.674595620048493 18.79068053619099 0 0
9.5071811975026392 9.099873841612192 0 0
18.582208435593213 3.2634100739938336 0 0
5.3176355354684191 7.6794681555300821 0 0
14.862399816417593 14.736884738315137 0 0
11.364981972830185 6.0141815203429347 0 0
4.2779159669179885 19.74492433442061 0 0
4.8703255840378503 16.456017086841783 0 0
15.232299872721587 11.977863918576171 0 0
16.540308482539405 12.75462777038361 0 0
6.8290985006654861 10.825191029942696 0 0
8.5393618642704627 13.362747814105006 0 0
12.491937992476879 7.2205027130925279 0 0
18.685779275455229 12.430465912030535 0 0
11.063800836971717 4.1674367495900837 0 0
3.346805950358192 5.9426739553367591 0 0
14.978162657487097 5.7096496648609536 0 0
1.5090711031104416 13.69061702939976 0 0
6.409577696512744 6.4154636290971947 0 0
10.346800216909502 18.893486637119892 0 0
15.844531958370032 18.497545725835074 0 0
15.724532248103383 5.2365376272279827 0 0
19.306837195017025 13.618602054131259 0 0
3.9782641482014092 0.91687655867609585 0 0
3.0152165027867315 6.7209551198557778 0 0
13.306309143845436 15.912576400290456 0 0
7.5953312311221932 3.371329432539802 0 0
8.7192162029242031 11.64159208244131 0 0
19.487566617723182 19.004777508075467 0 0
11.311082812403971 19.676370095053695 0 0
16.794263091838587 15.230951449645518 0 0
8.2541951435551884 11.220762439947684 0 0
9.1141855595195143 7.7042634229923994 0 0
12.788536768118776 4.6791609763057194 0 0
16.668142762628918 4.388536137166227 0 0
7.5860018090217345 17.436048538844961 0 0
7.6672723137385397 15.372471164220576 0 0
17.06981994176952 6.2232321425396844 0 0
17.388995283501888 12.024387043209998 0 0
10.68695594461613 14.776167964588709 0 0
10.222430687914995 8.7793994206630313 0 0
4.5781281744247408 0.45984796655608551 0 0
8.0067309735900984 5.1675137261227144 0 0
17.83401458356958 6.3019451396748707 0 0
0.36394095844918206 11.433588822949284 0 0
12.213884764476468 0.61385852525260065 0 0
13.128889950776584 7.3693911080760603 0 0
13.763954813950331 14.521677606516091 0 0
6.1792247077561875 12.765595659651719 0 0
2.2684164064838312 15.205195933881987 0 0
18.015865088822167 13.283840964173113 0 0
8.1970373646233874 1.2121981283032865 0 0
15.996136882709159 4.4141117339268829 0 0
18.453472359314745 14.831514391165271 0 0
19.429798243452364 13.145397596477373 0 0
8.4514380835337093 19.444818137435668 0 0
2.8389590216945488 0.82347496804393083 0 0
4.2354920561551754 16.676992247582191 0 0
6.431480782072434 17.781264655086499 0 0
8.0332043163607025 17.810916166878457 0 0
19.408271829863363 1.0866646365860981 0 0
8.0274431191843583 2.1407889600155068 0 0
10.701139144002866 17.773290118784338 0 0
18.044464756755783 17.333943194237001 0 0
7.400271958615356 19.041328134271343 0 0
13.746316790477719 17.455289948186355 0 0
17.332257729050351 11.494163145662682 0 0
9.8485839675769054 14.044456908941456 0 0
12.283662105645961 1.3650827497571252 0 0
16.604276235348561 6.3835911117609836 0 0
14.144410527974021 5.6552450425908143 0 0
1.9815986015068863 10.047723366124625 0 0
16.301266241836629 2.0690988963027741 0 0
6.8113814523260929 13.032840483202778 0 0
1.1338686210978905 1.1958946077449815 0 0
10.121038977798758 12.633815542022534 0 0
12.690029826003233 14.273267958822675 0 0
2.290080435355581 4.8399644319470081 0 0
8.0832749055999731 4.0440258364575508 0 0
4.5043252713474571 17.128290772923918 0 0
0.4186163468384308 12.607234655485925 0 0
8.9269487257469873 0.71420023225957985 0 0
18.458931022432122 5.2256246010990139 0 0
8.5727762535979775 3.4160170396767127 0 0
2.4932921931021426 14.704030013844056 0 0
6.8943432489588732 9.5041292369239248 0 0
7.3109797094256272 13.273167019512609 0 0
9.2081408152182167 6.7837375501825274 0 0
4.6818263999989851 1.3952501414673986 0 0
2.9812956873774734 14.101238791317028 0 0
14.0521385866688 4.1184426528578397 0 0
5.5228490139775444 18.847600422114283 0 0
0.23678380194689538 2.4698117725329567 0 0
5.3259384982046569 9.5854136109781258 0 0
14.900550446759892 17.645212265598914 0 0
13.181596558698548 12.12658419272373 0 0
11.64948269438784 8.9019646777125523 0 0
13.547941991027079 16.414161053242193 0 0
16.408439798356461 14.327406558982664 0 0
5.7683157362747473 16.859034677052929 0 0
11.838772068542237 12.212286099771916 0 0
11.594484456918549 4.5796360207990139 0 0
16.600352605278211 7.8897941989489313 0 0
6.3738943507204517 14.111131509097813 0 0
7.4244065207509156 7.0569011944411546 0 0
19.587996375685936 16.443525193839928 0 0
13.235707775581037 3.2526041726588311 0 0
6.0302997649149912 1.4106646211171863 0 0
19.495744423316523 7.1709719889639461 0 0
7.3336824064609205 12.503353469482622 0 0
15.085462169607183 15.768989790848305 0 0
10.840432890566262 1.0531576711128505 0 0
7.4366645444369377 14.55899838879405 0 0
9.4580092567046581 1.8445904312761987 0 0
1.7612758426754824 3.7622930857761165 0 0
14.594200340375723 18.269660860807946 0 0
5.184529887821161 15.050510058554341 0 0
7.0806594978248887 10.352249255541411 0 0
9.9354372375957958 15.262938780554435 0 0
5.884912112072211 7.1514576865936581 0 0
0.99563948504673994 2.6995198386090693 0 0
5.5705126297510583 4.2646233643820004 0 0
1.4425803246221474 6.2136478587605231 0 0
7.1004210424377039 8.5179289533179503 0 0
7.1607393518725138 2.4156104134069025 0 0
7.9208427103002341 0.39279776773599834 0 0
18.686997998424062 15.868502125336585 0 0
12.723760634469036 13.502859747287085 0 0
14.894141115977748 5.2287620518408975 0 0
15.599914249845691 4.7484186403484276 0 0
4.1334908086833337 9.1290205179017203 0 0
2.8091841926594197 5.2144562754615995 0 0
13.802448490284362 18.693303878342231 0 0
18.707454036626583 6.0006081629883301 0 0
6.2855299349105636 10.671189998408696 0 0
10.397105167705844 6.268111840297883 0 0
13.42045372581072 0.51230882666442368 0 0
14.290368632110637 17.688696275803938 0 0
1.6285025102011716 18.19585672790533 0 0
10.346894689529128 8.1221782899227968 0 0
6.5003740442045128 19.047649983142509 0 0
9.6598774707449753 7.2157598875511484 0 0
10.469875648082764 10.975643459608978 0 0
4.5794906365387087 15.959950669143629 0 0
2.0319855348521418 7.4495319742318964 0 0
10.346121103371464 6.7670453152447365 0 0
7.2043469162207669 0.87510552111993722 0 0
0.40763802852326242 18.071784218420465 0 0
19.610343582146772 12.66812339621157 0 0
5.3008639867065384 2.4665985981499023 0 0
14.617591428757017 16.154838561005135 0 0
5.2360543747965549 13.379481787561577 0 0
9.889940665912798 5.5422050446212188 0 0
9.2128430109942059 15.367480514169886 0 0
10.595303503867029 5.5332165108532454 0 0
6.3432451157646534 7.7775956260565469 0 0
13.228400680399803 6.4219701311893278 0 0
16.297416610002372 5.889326372463997 0 0
2.6199877168028984 10.174503055451078 0 0
11.826793623230865 0.97559714315929269 0 0
5.3364075352137403 15.684924583770419 0 0
16.588004197361453 11.180659582194169 0 0
1.9657775864048088 0.66379119562217681 0 0
12.02133053702905 16.917268283552161 0 0
8.1343125516690673 7.9378327000952735 0 0
17.784192108465938 3.2879352010353635 0 0
18.078031457587453 19.231210099937567 0 0
10.723837245172389 9.2220026525531971 0 0
1.8044611367623111 2.1929090880054902 0 0
19.496102554714849 17.445643618702871 0 0
2.8195134582655772 4.5976196596072567 0 0
12.108483934293663 4.8625492387580653 0 0
13.363527205622198 13.666618294681209 0 0
13.976171549758735 1.3335463114632453 0 0
12.952992450170115 0.39597314133001188 0 0
17.588093220308707 10.986076022192561 0 0
15.898080837128916 9.9540807005316623 0 0
16.003309167922943 12.503229256444911 0 0
19.394070539931977 10.148189081088191 0 0
3.2188123240640976 15.62485093849628 0 0
10.116389229204813 11.814144837787797 0 0
15.1480146241577 7.0080734557545181 0 0
17.891918354654468 5.4067936348171877 0 0
17.400806691547047 2.3682477751704862 0 0
9.2118100093114723 14.345225058762045 0 0
13.236939694949541 14.293349875650117 0 0
8.8290451897385545 18.806876546383958 0 0
14.348518475644495 14.961844167693188 0 0
12.799498680854057 6.0673351364245729 0 0
0.33487315220180697 1.7866381604289132 0 0
16.367144419510584 13.266257903515125 0 0
15.925991730287446 13.748700833371602 0 0
11.539105536906877 0.45718612317991003 0 0
16.442252653564356 2.6877050368073587 0 0
10.53676954513373 2.915980867289893 0 0
12.041582962906197 14.436498839483113 0 0
0.37461116150412416 3.7953880600762653 0 0
18.432014742299451 6.7909857034168821 0 0
5.9346575847608261 2.5317174628941821 0 0
16.240167854948464 0.54348399999418928 0 0
18.084954501125413 0.35969707016334285 0 0
2.6672757213405003 1.4773771366658213 0 0
6.4669639954793183 4.5267789059153536 0 0
3.9492848150461919 14.909450593619715 0 0
14.085621719313167 5.0530850927654987 0 0
4.5247968742377154 4.3685012920150808 0 0
9.1470262973054943 8.5912758905439599 0 0
17.308466805591905 16.579947522786327 0 0
5.1342060987041691 5.9494585955211372 0 0
8.9197093771079121 1.8639279706510288 0 0
11.624531983871362 3.9920049575930907 0 0
0.70129410805153125 0.91749943462222572 0 0
19.535140778177738 3.3941185341614206 0 0
18.251572993734648 16.225496408238552 0 0
18.660289357944887 1.3721476048186587 0 0
13.890381939243571 10.033385426167001 0 0
1.0604948468538715 16.106333880115422 0 0
19.393266787764308 19.7461060215558 0 0
19.699702758103133 5.7634828642222988 0 0
7.9490077277343225 10.071122093216193 0 0
11.211655907926518 15.776742726428575 0 0
7.7844847322240529 6.2599690490445328 0 0
18.681034410144736 17.350956489926325 0 0
10.491342614019501 15.769461375610188 0 0
0.35956051860163052 14.743340144992436 0 0
3.2694064811302077 5.4421327210461641 0 0
0.53671824206736096 13.337083603431704 0 0
12.426539645304832 10.55765801826136 0 0
1.2373225320162617 12.094954971919931 0 0
18.653949897436444 19.551379468246758 0 0
17.857734621888483 2.6541384508721322 0 0
10.08156696895758 19.638092958100909 0 0
11.903908932801503 3.1242663251791134 0 0
0.57678161833455477 18.871202780699477 0 0
6.697549383343639 16.237519045332117 0 0
3.8286091466735992 7.1973298820472751 0 0
9.7565367689712872 8.3150020091019687 0 0
13.504387073179471 17.028971389878734 0 0
0.93536589894065136 3.9719673649549643 0 0
14.933130254173301 1.4954483312798745 0 0
3.6195162482049916 12.814942663292172 0 0
14.289220023392598 12.735108451296123 0 0
0.60764016279883815 17.425998393703843 0 0
7.6121388536832111 10.519520705434392 0 0
6.1476686758299977 0.52355804630599878 0 0
9.5235499153297951 0.42241988726360752 0 0
12.497195291567113 13.038517013971649 0 0
8.0521212791586265 6.7788456398329977 0 0
18.303549954861015 4.1902895548499606 0 0
12.373929376742472 3.6212988676220248 0 0
16.239787461078336 10.825485844959418 0 0
11.353775166390502 18.000383380529065 0 0
11.986363692252519 10.952574401765078 0 0
0.33007859074478707 9.5405099781978908 0 0
7.6933817882038298 13.875328240202919 0 0
9.3952981407304073 5.6001344579257744 0 0
17.565903629401394 0.45769532726821754 0 0
7.0611439798397129 3.7547759553664672 0 0
2.3700888252970578 11.150855542142937 0 0
4.6667859864785886 14.512507895190486 0 0
13.697834311545039 15.219240260221651 0 0
0.38776378356674185 0.36125626333949712 0 0
19.378696001582679 14.994732108604037 0 0
4.2161105016755425 12.299050016100948 0 0
13.097108651129528 17.439899280937684 0 0
4.2085729452710874 18.665366886071407 0 0
19.693297790056441 1.6507744444668913 0 0
13.372616487616371 9.5827825187747493 0 0
9.9007743738268488 6.5884679667613169 0 0
8.7020656568838728 2.701525395686204 0 0
19.007843409162938 19.111594831596445 0 0
12.698309259154259 7.7661183450681204 0 0
15.733331462558104 17.304872979237128 0 0
10.499715937140587 4.9205453053859447 0 0
10.189050444676221 14.771283183252686 0 0
6.3216879983698977 16.987906837580368 0 0
5.4346038492326105 0.45290059233501689 0 0
14.568738798173028 2.8891123587707277 0 0
9.1652398980903964 19.181646019079409 0 0
3.363634149207539 10.934294404773402 0 0
11.482730353077457 7.2964732155395682 0 0
10.045268066190886 2.7309386986209767 0 0
2.2623790899824678 11.628376925032207 0 0
13.661782652007926 7.6058159294361092 0 0
1.629199184344247 1.0536422495220055 0 0
17.915842600060838 16.740018005279271 0 0
16.505190805909962 19.671894754739483 0 0
6.7923491083615719 17.278621361321271 0 0
5.0505713319311036 19.494698900811407 0 0
7.6080149177512011 18.121305052312316 0 0
10.97902051238313 15.224061452149977 0 0
17.34774776203222 15.132680136194109 0 0
7.3793173099951179 7.7352552986804222 0 0
18.797795046286797 13.870523166494584 0 0
7.8834226651713903 19.494135490945009 0 0
13.000320133838782 18.606841524983995 0 0
0.92771280869171224 12.655737355198807 0 0
15.312123785280921 4.2769108064637011 0 0
11.462346443123549 10.008796161935477 0 0
9.1040422891908879 3.1789608045217985 0 0
6.2447571573588982 19.656419140410943 0 0
5.2703987125443721 17.0257608769036 0 0
1.539847684277668 2.7198939086030034 0 0
1.7819537856806815 19.64223911159986 0 0
16.541147806175871 17.054248716874859 0 0
6.0333904541671224 11.681932891695151 0 0
0.84821315534636132 6.0807889025167352 0 0
15.371575083036504 9.2976229428330814 0 0
14.82994617816264 18.753196677588459 0 0
3.8686729073753434 17.103849589569538 0 0
0.82014198129040283 19.552562572429014 0 0
17.003827677785335 0.26158469858738842 0 0
19.060702409584145 12.75994129947904 0 0
8.6692631012010271 15.707647638645383 0 0
2.9590101438136092 19.738120870328238 0 0
1.2158219019131595 17.532940395002349 0 0
0.80705610983135667 15.143139627354529 0 0
19.593031984092303 18.342870312191327 0 0
0.93876691544503277 8.7557954596935748 0 0
16.869615441144219 17.618037100749032 0 0
3.181641234036066 7.1891359285853236 0 0
