0: 606 651 138 357 674 526 555 664 739 4 378 504 201
1: 38 181 317 239 662 709 693 125 277 409 481 297 644
2: 120 122 269 387 12 274 521 700 726 497 583
3: 80 56 177 471 732 137 440 523
4: 0 136 201 642 378 504 576 238 716 743 101 448
5: 393 13 264 464 41 59 129 400 655 286 422 694 786
6: 496 412 418 703 795 34 265 469 528 563 17 32 180 384 417 695
7: 530 170 228 603 301 540 688 748 283 197 592 562 778
8: 56 177 471 96 160 192 550 637 758 105 368 737 761 137 440
9: 718 161 474 756 211 358 356 551 672 50 240 46
10: 23 26 329 402 595 45 427 515 582 591 353 713 162 639
11: 460 626 721 794 33 280 426 617 429 782 102 712 789
12: 387 2 274 521 148 734 21 174 566 700 726 583
13: 155 186 393 5 264 286 349 422 694 786 363 369 746
14: 173 387 778 84 223 372 441 493 631 633 734 752 151 274
15: 174 566 22 620 624 747 511 685 480 519 618 715 121
16: 37 602 771 114 130 511 643 685 480 715 52 698 54
17: 6 795 528 315 384 695 32 180 415 465 33 426 460 794
18: 331 25 534 665 757 773 477 710
19: 28 328 459 706 336 443 579 731 236 405 437 574 116 453
20: 632 259 597 110 184 792 214 271 348 702 168 312 392 98
21: 12 274 521 174 566 700 726 148 631 734 614 620 747 511
22: 148 566 614 620 624 747 398 759 121 15 519 618 715 511
23: 258 630 527 552 565 10 45 582 26 329 402
24: 487 355 273 414 442 720 488 656 669 670 296 470 154
25: 235 514 768 331 345 538 157 305 543 18 534 665 757 773
26: 329 402 595 738 23 10 45 427 582 591 353 162 639
27: 293 451 677 64 170 228 416 603 301 540 557 247 256 505 736
28: 270 199 401 777 363 369 459 706 19 437 336 443 731 621
29: 785 81 166 390 601 95 257 341 623 47 428 156 332 797
30: 215 759 121 140 410 575 206 491 525 155 186 750
31: 439 46 219 569 776 327 495 549 607 683 50 531 500 608
32: 6 265 528 563 384 17 180 415 465 275 682 252 399 658
33: 17 415 11 460 721 794 280 421 426 617 91 377 429 479
34: 496 61 106 142 82 343 275 318 265 469 528 563 568 6 412
35: 236 574 135 380 433 487 119 414 442 720 123
36: 276 338 573 594 616 104 294 751 447 499 218 444 787 611
37: 176 583 174 700 726 16 114 130 511 643 602 771
38: 43 358 181 317 679 735 790 693 125 1 239 662 709 551
39: 482 598 55 191 340 420 176 430 602 634 564 322 572
40: 41 129 309 88 117 468 655 112 423 134 352 408 233 654 729
41: 115 386 5 464 59 129 309 400 581 112 344 40 88 655 786
42: 509 385 478 532 770 97 153 210 438 686 692 764 605 279
43: 211 254 358 678 38 181 317 679 735 790 551
44: 266 79 213 675 717 63 225 391 593 649 188 473 556 365
45: 23 552 565 26 10 427 515 582 591 107 335 490 251 733
46: 158 9 161 756 219 569 776 50 240 31
47: 29 81 95 341 623 156 332 797 314 319 428 466 96 160
48: 289 554 116 245 248 316 86 113 518 546 753
49: 480 646 198 203 270 449 401 336 109 171 403 621 659
50: 9 672 46 219 776 240 241 513 531 500 608 31
51: 462 360 547 590 638 671 83 673 760 103 285 383 212
52: 16 114 685 54 198 389 698 480 203 449
53: 455 229 508 169 475 774
54: 602 564 596 722 16 114 130 52 389 698 489
55: 482 39 340 420 430 602 634 564 237 322 431 572 159
56: 80 3 177 471 732 319 428 8 96 160 550 637 105 737 137 440
57: 458 535 324 361 502 520 567 755 295
58: 293 628 677 66 425 684 92 434 600 256 681 287 472
59: 660 115 145 193 386 5 264 464 41 129 309 400 581 112 88 786
60: 75 182 229 169 454 475 611 774 276 594 444 787
61: 334 440 707 105 253 761 496 559 705 775 34 106 142
62: 399 536 421 91 263 377 558 788 65 467 224 744
63: 599 69 139 266 647 781 79 717 44 225 391 593 649 67 202 556
64: 586 300 293 379 451 628 677 27 170 228 416 603 301 540 256
65: 536 350 486 578 62 263 558 788 163 467 780 754 744
66: 67 250 304 446 225 202 267 425 684 209 628 58 92 434 287
67: 680 324 69 139 266 250 295 304 446 209 66 202 63 225
68: 249 132 242 396 423 411 463 89 111 118 281 352
69: 680 139 266 388 647 781 67 250 304 446 202 63 225 391 593
70: 162 350 578 126 288 353 713 235 514 537 754 766 163
71: 163 235 514 537 754 766 768 157 305 543 619 779 310 570
72: 187 298 506 510 565 588 107 335 490 144 171 289 113
73: 306 714 799 314 466 150 196 339 609 191 340 420 152 159
74: 524 547 638 99 366 615 653 285 383 146 158 303 652 585
75: 642 101 230 448 730 182 238 544 716 743 276 60 475 611 774 229
76: 241 513 531 127 297 644 727 243 333 370 661 175
77: 255 268 362 529 385 478 532 770 90 501 282 321 741 772 164 438
78: 649 267 425 684 397 610 183 354 406 494 704 178 287
79: 571 599 213 675 717 266 647 781 44 63 391 593
80: 166 156 332 797 428 160 3 56 177 471 732
81: 785 29 166 390 601 623 47 156 332
82: 34 343 394 719 738 275 318 436 682 568
83: 278 283 462 724 688 197 592 673 760 360 590 51 103 383
84: 673 760 14 223 372 441 103 212 413 493 580 689 711 752
85: 104 294 783 798 220 279 542 299 326 645 499
86: 48 259 518 546 597 753 248 316 138 357 674 769
87: 539 693 125 277 409 435 745 481 691
88: 41 59 129 309 400 581 286 786 40 117 468 655 112 423 134
89: 242 68 411 352 111 118 281 657
90: 226 291 255 268 381 529 492 501 533 627 791 282 321 772 77
91: 415 399 536 33 280 421 62 263 377 558 788 224 744 479
92: 250 304 209 293 628 677 66 425 684 58 434 600 287
93: 133 246 484 650 215 398 759 124 376 667 206 491 525 635
94: 651 119 273 414 442 720 526 664 739 154 194 483 666 470
95: 397 29 257 341 503 623 494 165 714 799 339 47 466
96: 47 314 319 428 466 56 471 8 160 192 550 637 196 152
97: 302 509 153 167 210 450 770 42 686 764 279 751 783 798
98: 110 184 792 331 345 538 20 214 168 231 312 392
99: 524 547 638 671 366 615 653 407 652 74 383
100: 409 435 727 432 481 691 204 244 370
101: 348 136 642 168 541 230 290 448 730 4 75 238 743 229
102: 11 626 712 789 280 617 195 429 479 782
103: 462 590 83 592 673 760 51 285 383 212 413 711 84 372
104: 36 294 751 783 798 85 220 279 299 326 447 499 765
105: 56 8 550 637 137 334 440 523 707 253 368 737 761 61 142
106: 707 253 496 775 34 61 142 343 265 469 568 412
107: 187 298 552 565 588 72 335 490 113 251 337 733 45 591
108: 576 141 589 629 167 210 450 751 338 382 573 616 544 716
109: 198 49 270 506 144 171 403 621 659 336 443 245 554
110: 427 515 172 251 313 632 288 713 184 792 20 98
111: 242 396 423 68 411 134 352 408 89 118 281 657
112: 115 216 330 41 59 129 309 581 132 242 344 396 423 134 40 88
113: 72 107 335 490 48 289 172 251 313 337 663 259 546 753
114: 37 430 602 771 16 130 643 685 52 698 54 564
115: 660 145 189 193 386 548 216 330 112 344 41 59 309 400 581 464
116: 403 443 579 48 554 245 248 316 367 453 19 405 606 725
117: 129 286 452 786 40 88 468 655 233 355 374 640 729 135 380
118: 242 68 411 463 89 111 281 657
119: 574 35 123 143 606 651 725 273 414 442 720 94 154 194 526 664
120: 681 419 472 2 122 269 521 700 497
121: 22 624 215 398 759 15 519 618 30 140 410 575 491
122: 247 256 505 681 736 472 2 120 269 387 557 274 521
123: 236 405 574 143 606 651 725 35 433 119 414 442 720 194
124: 439 246 327 376 512 667 549 683 325 359 206 635 93
125: 38 181 317 539 693 1 662 709 87 277 409 435 745 481 644
126: 402 162 350 486 578 639 70 288 353 713 537 754 766 163 780
127: 239 709 241 513 76 297 644 727 432 481 333 370
128: 183 354 406 178 419 687 165 306 714 261 284 482 598 497
129: 5 464 41 59 309 400 581 112 40 88 117 468 655 286 786
130: 176 583 37 430 602 634 771 16 114 643 685 54
131: 220 227 701 796 645 507 696 708 749
132: 216 262 330 676 112 242 344 396 423 208 249 587 68 411 463
133: 223 149 493 580 689 631 633 752 246 484 650 93 215 614
134: 309 112 242 396 423 40 88 468 352 408 111 281 233 654
135: 286 349 452 35 380 433 487 117 374 729 442
136: 769 214 348 702 201 642 699 4 378 101 290 448 168
137: 3 56 177 471 334 440 523 707 8 550 105 253 737 761
138: 248 316 367 453 86 518 753 357 674 769 606 0 555
139: 535 641 680 763 69 266 388 647 781 324 67 446 202 63
140: 759 30 121 410 575 491 525 155 186 750 369 199
141: 526 664 739 483 666 504 576 108 589 629 450
142: 707 105 253 368 761 496 775 34 61 106 364 343 719 469
143: 405 574 367 453 123 606 651 725 119 414 720 194 555 664
144: 198 187 506 510 109 171 403 659 289 554 72 490
145: 636 660 115 189 193 386 548 243 216 262 330 516 522 344 59 581
146: 366 74 158 303 652 161 474 756 585
147: 185 237 373 456 457 784 596 613 232 272 489
148: 12 274 631 633 734 752 22 614 620 624 747 21 174 566
149: 413 493 580 689 711 404 439 585 728 376 512 133 246 650
150: 165 306 714 799 466 73 196 339 609 284 482 191 340 420
151: 173 387 557 562 778 274 521 14 223 372 441 631 734 752
152: 314 73 196 609 96 192 637 159 185 311 340 431 758
153: 302 470 509 577 589 97 167 210 450 385 770 42 686 783
154: 119 273 414 526 94 194 483 666 24 670 302 470 577
155: 491 525 762 30 140 410 575 186 393 750 13 369 746
156: 29 81 166 80 332 797 47 428 732
157: 71 235 514 537 766 768 305 543 619 779 345 538 25 773
158: 366 74 146 303 161 474 756 46 569 404 585 728
159: 73 196 609 152 185 311 55 340 420 237 322 431 572
160: 80 332 797 47 314 319 428 56 177 471 732 8 96 550 637
161: 366 652 718 146 158 9 474 756 356 46
162: 26 402 595 622 350 486 578 639 10 427 70 126 353 713 754 780
163: 350 486 578 558 65 467 780 70 126 71 537 754 766 570
164: 77 532 282 321 741 438 692 292 395 476 584 605
165: 354 406 494 704 95 257 503 306 714 799 687 128 284 150 339
166: 29 81 390 80 156 332 797
167: 302 509 108 589 629 97 153 210 450 751 783 338
168: 20 214 348 702 98 207 231 312 392 541 136 101 290 730
169: 53 229 60 454 475 611 774 444
170: 27 64 228 603 7 301 540 748 557 562 247 256 505 736
171: 198 389 49 187 506 510 109 144 403 621 659 554 72
172: 335 427 515 591 251 313 337 632 663 733 113 259 110 792
173: 748 247 505 387 557 562 778 197 14 372 441 151 274
174: 12 583 21 37 566 700 726 148 620 747 15 511 643 771
175: 776 241 513 531 495 607 500 608 636 76 243 333 516 189 548
176: 269 261 598 497 583 37 700 726 130 602 634 771 39
177: 80 797 3 56 471 732 8 160 550 137 523
178: 684 434 600 78 183 354 406 287 419 472 687 128
179: 596 613 722 232 272 489 389 698 187 298 506 510 588
180: 6 412 795 265 528 563 384 695 17 32 415 465 275 658 426
181: 43 38 317 679 735 790 234 539 693 125 277 1 662 709
182: 230 448 75 238 544 716 743 276 616 60 475 611 774 229
183: 267 425 684 78 354 406 494 704 434 600 178 287 687 128
184: 288 110 792 20 312 392 98 345 538 235 514 768
185: 192 152 159 311 237 431 572 147 456 457 221 758
186: 762 30 140 575 155 393 750 13 422 694 363 369 459 746
187: 389 179 298 506 510 144 171 72 107 490 588
188: 213 717 44 391 593 649 351 365 785 397 445 473 556 610 601
189: 495 607 175 500 636 325 342 660 115 145 193 386 548 516
190: 657 260 222 226 291 371 492 627 791
191: 306 714 284 482 598 73 150 339 609 39 340 420
192: 8 96 550 637 196 152 185 311 221 364 758 368 737 761
193: 495 636 325 342 660 115 145 189 386 548 516 59 581 464
194: 123 143 606 651 119 414 720 526 555 664 739 94 154 483 666
195: 280 617 102 429 479 782 793 347
196: 314 319 466 73 150 339 609 340 152 159 311 96 192 637
197: 283 7 540 688 748 83 592 673 760 372 173 562 778
198: 52 389 698 49 203 270 449 109 144 171 621 659 506 510
199: 519 646 140 410 575 270 28 401 777 369 336
200: 553 690 740 641 763 388 217 668
201: 357 769 136 642 699 0 4 378 504 238
202: 69 139 266 67 250 304 446 63 225 391 66 267 425
203: 685 480 519 52 198 389 698 49 270 449 401
204: 727 100 432 691 370 561 244 612 697
205: 502 520 567 586 723 755 300 416 209 379 451 295
206: 246 484 124 376 667 93 215 759 491 525 635 762 359 750 30
207: 331 345 168 231 392 541 455 477 498 710 665 757
208: 612 697 216 262 522 676 249 461 587 411 463 132
209: 502 205 567 67 250 295 304 446 379 451 628 677 92 66
210: 108 589 97 153 167 450 42 686 279 294 751 783 798 338
211: 375 718 43 254 358 678 356 551 9 474
212: 673 760 51 103 285 383 84 372 441 413 493 689 711 728
213: 79 675 717 44 593 188 473 351 365
214: 632 259 597 753 20 271 348 702 769 136 699 168 312 98
215: 133 246 484 93 398 759 667 206 491 525 635 750 30 121
216: 115 145 262 330 516 522 676 208 249 411 112 132 344 396 581
217: 200 553 690 571 599 668 641 763 388 647 781
218: 36 594 454 444 787 294 447 499 765
219: 756 439 46 569 776 50 240 531 500 608 31 607 683
220: 764 104 798 85 279 542 227 701 131 749 299 645
221: 192 185 311 368 737 364 742 758 457 320 719
222: 281 657 190 226 371
223: 14 84 372 441 493 580 689 133 631 633 734 752 151
224: 280 62 91 263 377 479 793 347 424 485 744 467 323 767
225: 69 266 44 63 391 593 649 67 304 66 202 267 425 556 610
226: 260 190 222 291 371 90 492 533 627 791 381
227: 395 220 542 648 701 796 131 507 708 749 645
228: 586 300 625 451 27 64 170 416 603 530 604 7 301 540
229: 101 230 448 730 53 508 75 182 60 169 475 774
230: 642 541 101 290 448 730 75 182 238 743 475 774 229
231: 98 331 345 168 207 312 392 541 290 730 498 665 757
232: 237 596 613 722 147 373 456 784 179 272 489 298 527 588
233: 40 117 468 655 134 408 355 374 640 729 260 517 545 654
234: 181 317 679 735 346 539 693
235: 70 288 71 514 537 754 766 768 184 538 25 157 543 619
236: 328 363 706 731 19 405 437 574 349 35 380 433 123
237: 55 159 185 322 431 572 613 232 489 147 456 457 784
238: 201 642 4 504 576 101 230 448 75 182 544 716 743 382
239: 38 551 672 1 662 709 127 297 644 240 241
240: 9 756 551 672 46 219 776 50 241 513 531 239 297
241: 672 776 50 240 513 531 239 76 127 297 644 333 175 608
242: 112 132 396 423 249 68 411 89 111 118 281 134 352
243: 513 76 175 500 636 333 370 561 661 262 516 522 145 548
244: 100 432 561 661 204 612 697 461
245: 109 403 621 659 443 579 48 554 116 248 316 453
246: 149 580 133 484 650 124 327 376 512 667 206 635 93 215
247: 27 170 256 505 681 736 173 387 557 562 521 122
248: 403 579 48 554 116 245 316 367 453 725 138 86
249: 216 262 676 208 461 587 68 411 463 132 242 396
250: 69 67 295 304 446 567 209 379 628 92 434 66 202 425
251: 107 335 490 45 427 515 591 172 313 337 632 663 733 113 110 792
252: 682 32 465 399 536 622 658 595 350 486 639 558 788
253: 137 440 707 105 368 737 761 364 343 61 106 142 775
254: 375 407 718 43 211 358 678 356
255: 669 268 307 362 381 529 90 282 772 77 385 478 532 770 296 577
256: 293 677 27 64 170 603 58 600 247 505 681 736 122
257: 365 397 445 473 610 29 601 95 341 503 623 354 494 704 165 799
258: 742 373 456 457 784 394 320 630 272 23 527 552 329
259: 172 313 337 632 663 86 113 518 546 597 753 769 20 214 271 702 792
260: 352 408 233 517 545 654 190 226 291 371 492 307 381
261: 406 419 687 306 128 284 482 598 269 176 497 634
262: 243 661 145 548 216 330 516 522 676 612 208 249 132 344
263: 536 421 62 91 377 558 788 65 467 323 224 424 744 479
264: 762 308 359 393 5 13 464 59 400 422 786
265: 496 34 106 6 412 418 795 469 528 563 568 275 32 180 384
266: 599 69 139 388 647 781 67 202 44 63 225 391 593 79
267: 304 225 391 649 66 202 425 684 434 78 183 704 556 610
268: 255 362 381 529 90 492 501 533 791 282 321 772 77 478 532
269: 419 472 2 120 122 700 726 176 497 583 261 598
270: 646 198 49 203 449 28 199 401 777 336 443 109 403 621 659
271: 313 632 259 518 597 753 792 20 214 348 702 769 699 312
272: 147 373 456 784 179 232 489 298 527 552 565 588 258
273: 487 119 414 442 720 24 488 656 669 670 296 470 577 94 154 483
274: 173 387 557 2 122 12 151 521 14 148 631 734 21 700
275: 34 82 265 469 528 563 568 318 682 658 32 180 465
276: 75 182 544 716 743 36 382 573 594 616 444 787 60 454 611 774
277: 181 317 346 539 693 1 709 87 125 409 435 745
278: 560 283 462 724 360 590 671 83
279: 97 210 42 686 692 764 104 294 751 783 798 85 220 542
280: 11 794 33 421 426 617 91 377 224 195 429 479 782 102
281: 242 68 134 352 408 89 111 118 657 222 371
282: 255 268 90 501 533 77 478 532 321 741 772 164 476 605 438
283: 530 560 278 462 724 83 197 592 7 688
284: 406 687 165 306 714 128 261 482 598 497 634 191 150
285: 547 638 673 51 103 383 74 303 728 212 413 711
286: 5 13 349 422 452 694 786 129 400 88 117 655 729 135 380
287: 66 425 684 58 92 434 600 78 183 406 178 419 472 687 681
288: 427 515 70 126 353 713 110 184 792 538 235 514 754 766
289: 144 72 335 490 48 554 113 546 337 663
290: 348 136 642 168 231 541 101 230 448 730
291: 260 517 545 654 190 226 371 90 492 627 791 307 381 529
292: 741 438 692 764 164 395 476 584 605 648 701
293: 451 628 677 27 64 603 256 736 58 92 600
294: 210 36 338 573 594 104 751 783 798 85 279 499 218 787
295: 57 324 361 502 520 67 250 304 446 205 567 209 379 628
296: 273 24 488 669 670 470 509 577 255 362 385 478 770
297: 672 1 239 662 709 240 241 513 76 127 644 727 481
298: 179 232 272 187 506 510 72 107 552 565 588
299: 104 798 85 220 447 499 765 326 645
300: 205 586 723 755 625 64 228 416 379 451
301: 625 530 604 27 64 170 228 416 603 7 540 688 748
302: 670 154 483 666 470 509 577 385 97 153 167 450 589 629
303: 547 285 383 74 146 158 404 585 728 413 711
304: 69 67 250 295 446 209 92 66 202 267 425 225
305: 71 768 157 543 619 779 25 534 773
306: 354 406 503 165 714 799 687 128 261 284 482 191 73 150 339
307: 355 260 517 545 488 656 669 255 362 381 529 291 492
308: 525 762 325 342 359 660 386 264 464 393
309: 115 41 59 129 400 581 112 344 396 423 134 40 88
310: 424 485 323 570 767 71 619 779
311: 196 609 192 637 152 159 185 431 221 364 758 368
312: 184 20 214 271 348 702 98 331 168 231 392 541
313: 335 490 515 591 172 251 337 632 663 733 113 259 546 597 753 271 110 792
314: 341 47 319 428 466 73 196 339 609 152 96 160 637
315: 703 795 384 417 695 17 460 721
316: 48 116 245 248 367 453 725 138 357 674 86 518 546
317: 43 38 181 679 735 790 234 346 539 693 125 277 1
318: 34 82 343 394 719 563 568 275 436 682 738
319: 341 332 797 47 314 428 466 196 96 160 550 637 56 471
320: 221 364 742 373 456 457 784 394 719 258 630 527 436
321: 268 90 501 533 627 791 77 532 282 741 772 164 476
322: 39 55 340 420 159 237 431 572 430 564 596 613
323: 263 467 224 424 485 744 310 570 767 779
324: 458 535 641 680 57 361 502 567 67 295 446 139 388
325: 124 495 549 607 683 635 308 342 359 660 189 193
326: 104 85 447 765 299 645
327: 404 439 246 650 124 376 512 667 569 31 549 607 683 635
328: 363 369 459 706 746 349 694 380 433 19 236 437 574
329: 258 630 436 26 402 595 738 23 10 582
330: 115 145 548 216 262 516 522 676 112 132 344 396 581
331: 768 98 345 538 207 231 312 392 477 498 18 25 534 665 757
332: 29 81 166 80 156 797 623 47 319 428 160 471
333: 241 513 531 76 127 175 500 608 636 243 370 661 516 548
334: 137 440 523 707 105 61 559 705 775
335: 565 72 107 490 289 113 172 251 313 337 663 733 45 591
336: 49 270 28 199 401 777 109 403 621 659 443 731 706 19
337: 107 335 490 591 172 251 313 632 663 733 289 113 259 546 792
338: 108 589 629 36 382 573 594 616 167 210 450 294 751 783
339: 95 341 503 623 165 306 714 799 314 466 73 150 196 191
340: 482 73 150 196 609 39 55 191 420 322 431 572 152 159
341: 29 95 257 503 623 714 799 339 47 314 319 466
342: 495 549 762 308 325 359 660 189 193 386 464
343: 253 364 742 34 106 142 82 394 719 318 568
344: 115 145 216 262 330 41 309 581 112 132 396 423
345: 184 514 768 98 331 538 207 231 392 25 534 665 757 157 543
346: 317 679 234 539 693 277 745
347: 195 479 793 224 424 485 744
348: 20 214 271 702 769 136 642 699 101 290 168 312 541
349: 13 328 363 459 746 286 422 452 694 135 380 433 236
350: 402 595 252 536 622 162 486 578 639 70 126 353 713 754 65 163 780 558
351: 213 365 785 188 445 390 601
352: 242 423 40 468 134 408 68 89 111 281 657 371 260 654
353: 26 402 595 10 427 515 591 162 350 578 639 70 126 288 713 754
354: 610 78 183 406 494 704 178 687 128 165 306 714 799 257 503
355: 117 487 374 640 729 233 517 545 654 307 24 488 656 669
356: 375 718 211 254 358 678 9 161 474 551 672
357: 316 86 518 753 138 674 769 0 555 378 201 699 702
358: 375 718 43 211 254 678 38 790 356 551 672 9
359: 124 549 206 491 525 635 762 308 325 342 660 264 393 750
360: 278 462 724 524 590 638 671 51 83
361: 458 535 57 324 502 520 567 295
362: 517 488 669 670 255 268 307 381 529 77 385 478 296 577
363: 186 28 328 369 459 706 746 13 349 422 694 380 433 236 437 731
364: 192 311 253 368 737 761 221 742 758 320 343 719 142
365: 213 351 785 44 188 397 445 473 556 257 390 601
366: 524 547 99 615 653 407 652 161 474 74 146 158
367: 579 116 248 316 453 405 143 606 651 725 555 664 138 674
368: 8 192 637 105 253 737 761 311 221 364 758 142
369: 140 575 155 186 28 199 777 328 363 459 706 746 13 694 437
370: 513 76 127 644 727 243 333 561 661 100 432 204
371: 352 408 281 657 260 654 190 222 226 291 492
372: 748 197 673 760 173 562 778 14 84 223 441 103 212 151
373: 742 147 456 457 784 232 272 527 258 320 630 394
374: 452 117 468 655 135 487 355 640 729 233 545 656
375: 615 407 652 718 211 254 358 678 356 474
376: 149 404 439 246 650 124 327 512 667 549 683 206 635 93
377: 399 33 280 421 62 91 263 788 467 224 744 479
378: 357 674 769 0 555 664 739 136 201 699 4 504 576
379: 502 520 205 567 586 755 250 295 209 451 628 677 300 64 416
380: 328 363 286 349 452 694 236 35 135 433 487 117
381: 260 517 545 255 268 307 362 529 226 291 90 492 791
382: 504 576 108 629 238 544 716 743 276 338 573 594 616
383: 524 547 590 638 671 83 51 103 285 99 74 303 212 711
384: 6 412 703 795 315 417 695 265 528 17 32 180 415 460
385: 670 255 362 296 302 470 509 577 77 478 532 770 42 153
386: 308 342 660 115 145 189 193 548 41 59 400 581 464
387: 247 173 557 562 778 14 734 12 151 274 521 2 122
388: 200 553 458 535 641 680 763 217 69 139 266 647 781 324
389: 54 596 722 52 198 698 203 171 187 506 510 179
390: 351 365 785 29 81 166 601
391: 69 266 79 44 63 225 593 649 202 267 188 473 556 610
392: 184 20 98 331 345 538 168 207 231 312 541 665
393: 525 762 155 186 750 308 359 5 13 264 464 422 746
394: 742 82 343 719 373 258 320 630 318 436
395: 692 764 164 292 476 584 605 227 648 701 542
396: 216 330 309 581 112 132 242 344 423 249 68 411 111 134
397: 649 365 188 445 473 556 610 78 494 704 95 257 503 601
398: 633 484 22 614 620 624 747 93 215 759 121
399: 32 415 465 252 536 622 658 62 91 377 558 788 421
400: 115 386 5 264 464 41 59 129 309 581 88 655 286 422 786
401: 519 646 575 49 203 270 449 28 199 777 336 443 621
402: 26 329 595 738 23 10 427 582 126 353 713 162 350 639
403: 49 270 109 144 171 621 659 336 443 579 116 245 248 554
404: 158 303 149 580 689 711 439 585 728 569 327 376 512 650
405: 443 579 731 19 236 437 574 123 143 606 725 116 367 453
406: 78 183 354 494 704 178 287 419 687 128 261 284 165 306 714
407: 99 366 615 653 375 652 718 254 474
408: 423 40 468 134 352 111 281 371 233 260 545 654 640
409: 693 1 709 87 125 277 435 745 100 481 691 644
410: 759 618 646 30 121 140 575 491 155 750 199
411: 216 676 208 249 587 132 242 396 68 463 89 111 118
412: 496 705 6 418 703 795 34 106 265 469 528 563 180 384
413: 673 103 285 84 441 149 212 493 580 689 711 303 728
414: 35 123 143 651 119 273 442 720 24 94 154 194 483 526
415: 528 384 695 17 32 180 465 399 658 91 33 421 426 460 794
416: 205 586 723 300 625 379 451 677 27 64 228 603 301
417: 6 418 703 795 315 384 695
418: 496 705 6 412 703 795 265 469 417
419: 406 178 287 472 687 681 120 269 497 128 261 598
420: 482 73 150 609 39 55 191 340 430 322 431 572 159
421: 415 465 33 280 426 617 399 62 91 263 377 788 479
422: 186 393 5 13 264 363 746 286 349 452 694 786 400
423: 309 112 132 242 344 396 68 111 134 352 408 40 88 468
424: 263 224 347 485 744 467 310 323 570 767
425: 250 304 225 649 66 202 267 684 58 92 434 600 287 78 183
426: 695 17 180 415 465 11 460 721 794 33 280 421 617
427: 26 402 10 45 515 582 591 172 251 733 110 288 353 713 162
428: 29 623 80 156 332 797 47 314 319 466 96 160 550 56 471 732
429: 11 794 33 280 617 102 712 789 195 479 782
430: 39 55 420 602 634 771 114 130 564 322 572
431: 609 55 340 420 152 159 185 311 237 322 572 457
432: 127 644 727 100 481 691 204 244 370 561 661
433: 328 363 349 694 236 437 574 35 135 380 487 442 720 123
434: 250 66 267 425 684 58 92 600 178 287 183
435: 87 125 277 409 745 100 481 691
436: 82 394 719 318 682 320 630 329 595 738
437: 28 328 363 369 459 706 746 443 731 19 236 405 574 694 433
438: 77 478 532 770 42 686 692 764 282 741 164 292 476 605
439: 149 404 585 728 219 569 31 549 683 124 327 376 512 650
440: 3 56 137 334 523 707 8 105 253 737 761 61 559 775
441: 673 760 173 778 14 84 223 372 212 413 493 689 752 151
442: 35 135 433 487 123 119 273 414 720 24 656 94
443: 270 28 401 777 109 403 621 659 336 579 731 706 19 405 437 116 245
444: 36 276 594 60 169 454 611 218 787 447
445: 351 365 785 188 397 473 556 610 257 601
446: 680 324 502 69 139 67 250 295 304 567 209 66 202
447: 36 104 218 444 787 499 765 299 326
448: 136 642 101 230 290 730 4 75 182 238 716 743 774 229
449: 685 480 519 646 715 52 198 49 203 270 401 621
450: 483 666 302 470 509 108 141 589 629 97 153 167 210 338
451: 205 567 586 209 293 379 628 677 300 27 64 228 416 603
452: 286 349 422 694 786 117 655 374 640 729 135 380
453: 579 116 245 248 316 367 19 405 574 143 606 725 138
454: 60 169 475 611 774 276 594 218 444 787
455: 207 477 498 710 53 508
456: 185 237 742 147 373 457 784 613 232 272 527 258 320
457: 185 237 431 221 742 147 373 456 784 258 320
458: 535 641 680 763 57 324 361 502 388
459: 186 28 777 328 363 369 706 746 349 694 19 437 731
460: 315 384 695 11 626 721 794 17 415 33 426 617
461: 244 612 697 676 208 249 587
462: 560 278 283 724 360 590 51 103 83 592 688
463: 208 249 587 132 68 411 118
464: 308 342 660 393 5 264 115 193 386 41 59 129 400 581 786
465: 528 563 17 32 180 415 275 252 399 658 788 421 426
466: 95 341 623 47 314 319 428 714 799 73 150 196 339 96
467: 62 263 377 558 788 65 163 780 323 570 767 224 424 744
468: 129 40 88 117 655 423 134 352 408 233 545 654 374 640 729
469: 496 34 106 142 6 412 418 265 528 563 568 275
470: 273 24 669 670 94 154 483 296 302 509 577 385 153 450
471: 80 332 797 3 56 177 732 319 428 8 96 160 550 137
472: 58 600 178 287 419 687 681 120 122 269 497
473: 213 44 391 649 365 785 188 397 445 556 610 704 257 601
474: 366 375 407 652 718 146 158 9 161 756 211 356
475: 230 75 182 53 229 508 60 169 454 611 774
476: 532 282 321 741 438 164 292 395 584 605
477: 331 207 18 534 665 757 455 498 710
478: 255 268 362 529 296 509 577 77 385 532 770 282 772 42 438
479: 33 280 421 617 102 195 429 782 793 91 263 377 224 347
480: 16 511 685 15 519 618 646 715 49 203 449 52
481: 1 662 709 87 125 409 435 127 297 644 727 100 432 691
482: 306 128 261 284 598 634 39 55 191 340 420 150
483: 273 414 526 739 94 154 194 666 670 302 470 450 141 589 629
484: 580 633 752 133 246 650 667 206 93 215 398 759 614 624
485: 793 224 347 424 744 310 323 767
486: 595 252 536 622 162 350 578 639 126 65 163 780 558 788
487: 35 135 380 433 355 374 24 656 273 442 720
488: 355 273 24 656 669 670 517 307 362 296
489: 237 54 564 596 613 722 147 784 179 232 272 698 510
490: 187 565 72 107 335 144 289 113 546 251 313 337 663 733 45
491: 667 93 215 759 206 525 635 762 359 155 750 30 121 140 410
492: 260 517 190 226 291 371 268 307 381 529 90 501 533 627 791 772
493: 673 14 84 223 441 149 212 413 580 689 711 728 133 650 633 752
494: 649 397 610 78 183 354 406 704 165 714 799 95 257 503
495: 776 31 549 607 683 175 500 608 636 189 193 325 342 660
496: 705 775 34 61 106 142 265 469 563 6 412 418
497: 419 472 687 2 120 269 128 261 284 598 176 583 700 634
498: 331 207 231 541 757 455 477 710 730 508
499: 36 573 594 104 294 751 798 218 787 447 765 85 299
500: 219 776 50 513 531 31 495 607 175 608 636 243 333 189 548
501: 268 529 90 492 533 627 791 282 321 741 772 77
502: 458 535 680 57 324 361 520 205 567 209 379 295 446
503: 397 95 257 341 623 354 494 704 165 306 714 799 339
504: 0 526 739 201 4 378 576 666 141 629 382 238 716
505: 27 170 603 247 256 736 540 748 173 557 562 122
506: 198 389 179 187 298 510 109 144 171 659 72
507: 227 796 645 131 696 708 749
508: 455 498 710 53 229 475
509: 296 302 470 577 385 478 770 42 686 97 153 167 450
510: 596 722 198 389 698 179 489 187 298 506 144 171 72
511: 21 37 174 566 726 16 643 685 22 620 747 15 480 618 715
512: 149 580 689 404 439 585 728 246 650 124 327 376 667 569 683
513: 776 50 240 241 531 76 127 297 243 333 370 175 500 608
514: 70 288 71 235 537 754 766 768 184 345 538 25 157
515: 10 45 427 591 172 251 313 110 792 288 353 713
516: 175 636 243 333 661 145 189 193 548 216 262 330 522
517: 355 640 233 260 545 654 291 492 307 362 381 529 488 656
518: 48 86 259 546 597 753 316 138 357 674 769 699 271 702
519: 22 685 15 480 618 646 715 121 575 199 401 203 449
520: 57 361 502 205 567 755 379 295
521: 247 387 557 2 120 122 12 151 274 734 21 700
522: 243 561 661 145 548 216 262 330 516 676 612 208
523: 3 177 137 334 440 707 105 559 775
524: 360 547 590 638 671 99 366 615 653 74 383
525: 667 93 215 206 491 635 762 308 359 155 393 750 30 140
526: 606 651 0 555 664 739 119 414 94 154 194 483 666 141 504
527: 373 456 784 232 272 258 320 630 23 552 565 588 582
528: 34 6 412 795 265 469 563 568 275 658 17 32 180 415 465 384 695
529: 517 255 268 307 362 381 291 90 492 501 533 791 772 77 478
530: 625 560 604 283 592 7 301 540 688 228
531: 219 776 50 240 241 513 76 333 175 500 608 31 607
532: 255 268 77 385 478 770 282 321 741 772 164 476 605 42 438 692
533: 226 268 529 90 492 501 627 791 282 321 772
534: 331 345 305 543 18 25 665 757 773 477
535: 458 641 680 763 57 324 361 502 139 388
536: 252 399 622 658 350 486 639 65 780 62 91 263 558 788
537: 578 70 126 163 780 71 235 514 754 766 768 157 619 570
538: 288 184 235 514 766 768 98 331 345 392 25 665 157 543
539: 181 317 234 346 693 87 125 277 745
540: 530 27 64 170 228 603 7 301 688 748 197 592 562 505
541: 348 168 207 231 312 392 101 230 290 730 498
542: 686 692 764 798 85 220 279 395 227 648 701
543: 71 235 768 157 305 619 779 345 538 25 534 665 773
544: 576 75 182 238 716 743 108 276 382 573 594 616 611 774
545: 468 408 355 374 640 729 233 260 517 654 291 307 381
546: 490 48 289 554 313 337 632 663 86 113 259 518 597 753 316
547: 524 590 638 671 99 366 615 653 74 303 51 285 383
548: 175 500 636 115 145 189 193 386 243 333 262 330 516 522
549: 439 124 327 376 667 31 495 607 683 325 342 359 635
550: 319 428 56 177 471 8 96 160 192 637 105 737 137
551: 43 211 358 9 356 672 38 239 662 240
552: 272 258 23 527 565 588 298 107 733 45 582
553: 200 690 740 641 763 388 647 217 668
554: 109 144 171 403 659 48 289 116 245 248 546
555: 367 143 606 651 725 138 357 674 0 526 664 739 194 378
556: 44 63 225 391 593 649 365 188 397 445 473 610 267 704
557: 27 170 748 247 505 736 173 387 562 778 151 274 521 122
558: 252 399 536 622 62 91 263 788 350 486 578 65 163 467 780
559: 334 440 523 707 705 775 61
560: 530 604 278 283 462 724 592 688
561: 727 243 370 661 432 204 244 612 697 522
562: 170 7 540 748 247 505 173 387 557 778 197 372 151
563: 496 34 6 412 265 469 528 568 275 318 682 658 32 180 465
564: 39 55 430 602 322 54 596 613 722 114 698 489
565: 272 23 527 552 588 298 72 107 335 490 733 45 582 591
566: 12 21 174 726 148 631 734 22 614 620 624 747 15 511
567: 57 324 361 502 520 205 586 755 209 379 451 628 250 295 446
568: 34 106 265 469 528 563 82 343 719 275 318 682
569: 158 756 404 439 585 46 219 776 31 607 683 327 512
570: 163 467 424 744 310 323 767 71 537 619 779
571: 217 599 668 781 79 675
572: 609 39 55 340 420 159 185 237 322 431 430 613
573: 108 544 36 276 338 382 594 616 294 751 499 787
574: 328 579 19 236 405 437 35 433 119 720 123 143 606 725 453
575: 519 646 30 121 140 410 155 186 369 199 401 777
576: 739 4 378 504 108 141 629 382 616 238 544 716 743
577: 273 669 670 154 296 302 470 509 255 362 385 478 770 153
578: 162 350 486 639 70 126 353 713 537 754 766 65 163 780 558
579: 403 443 731 19 405 574 725 116 245 248 367 453
580: 84 223 149 413 493 689 711 404 728 512 133 246 484 650 633 752
581: 115 145 193 386 464 41 59 129 309 400 216 330 112 344 396 88
582: 630 23 527 552 565 26 329 402 10 45 427 591 733
583: 2 269 176 497 12 37 174 700 726 130 643 634 771
584: 741 692 164 292 395 476 605 648 701
585: 74 146 158 303 149 711 404 439 728 756 569 512
586: 205 567 723 755 300 625 64 228 416 379 451 628 677
587: 612 697 676 208 249 461 411 463 132
588: 179 232 272 527 552 565 187 298 72 107 733
589: 739 483 666 108 141 629 302 153 167 210 450 338
590: 278 462 724 360 524 547 638 671 51 103 383 83
591: 565 26 10 45 427 515 582 107 335 172 251 313 337 733 353
592: 530 560 283 462 724 7 540 688 748 83 197 760 103 778
593: 599 69 266 781 79 213 675 717 44 63 225 391 649 188 556
594: 544 36 276 338 382 573 616 294 751 499 218 444 787 60 454 611
595: 436 682 26 329 402 738 10 353 162 350 486 639 252 622
596: 322 54 564 613 722 389 698 510 179 232 489 147
597: 313 632 663 86 259 518 546 753 769 699 20 214 271 702 792
598: 419 687 128 261 284 482 269 176 497 634 39 191
599: 217 571 668 266 647 781 63 593 79 675 717
600: 293 425 684 58 92 434 256 681 178 287 472 183
601: 351 365 785 29 81 390 188 397 445 473 257 623
602: 176 39 55 430 634 771 37 16 114 130 643 54 564
603: 293 451 677 27 64 170 228 416 7 301 540 256 505 736
604: 625 530 560 301 228
605: 532 282 741 42 438 692 764 164 292 395 476 584 701
606: 405 574 116 367 453 123 143 651 725 119 194 0 526 555 664 138 674
607: 219 569 776 327 31 495 549 683 531 175 500 608 189 325
608: 219 776 50 241 513 531 31 495 607 175 500 636 333
609: 314 73 150 196 191 340 420 431 572 152 159 311
610: 225 391 649 188 397 445 473 556 267 78 354 494 704 257
611: 75 182 544 743 60 169 454 475 774 36 276 594 616 444 787
612: 561 661 204 244 697 208 461 587 262 522 676
613: 237 322 572 564 596 722 179 232 489 147 456 784
614: 148 631 633 734 752 21 566 22 620 624 747 133 484 398
615: 524 547 99 366 653 375 407 652 74
616: 576 108 182 544 716 743 36 276 338 382 573 594 751 787 611
617: 11 460 626 721 794 33 280 421 426 195 429 479 782 102 712
618: 22 620 624 511 685 15 480 519 646 715 759 121 410
619: 71 235 537 768 310 570 157 305 543 779 773
620: 148 21 174 566 22 614 624 747 398 15 618 715 511 685
621: 198 49 270 449 109 171 403 659 28 401 777 336 443 245
622: 682 252 399 536 658 595 738 162 350 486 639 780 558 788
623: 29 81 601 95 257 341 503 799 339 47 428 466 332
624: 148 631 633 566 22 614 620 747 484 398 759 121 15 618
625: 586 723 300 530 604 301 228 416
626: 11 460 721 794 617 102 712
627: 190 226 291 90 492 501 533 791 321 772
628: 567 586 250 295 209 293 379 451 677 64 58 92 66
629: 739 483 666 504 576 108 141 589 302 167 450 338 382 716
630: 373 394 258 320 23 527 582 329 738 436
631: 14 223 151 274 148 633 734 752 133 614 624 747 21 566
632: 172 251 313 337 663 259 546 597 753 20 214 271 702 110 792
633: 14 223 148 631 734 752 493 580 133 484 398 614 624 747
634: 261 284 482 598 176 497 583 39 55 430 602 771 130
635: 246 124 327 376 667 93 215 206 491 525 762 549 325 359 750
636: 495 175 500 608 243 333 516 145 189 193 548
637: 314 319 56 8 96 160 192 550 196 152 311 758 105 368 737 761
638: 360 524 547 590 671 99 653 74 51 285 383
639: 26 402 595 738 252 536 622 162 350 486 578 10 126 353 713 780
640: 452 117 468 655 355 374 729 408 233 517 545 654 656
641: 200 553 690 458 535 680 763 324 139 388 217
642: 348 136 201 699 4 75 238 716 743 101 230 290 448 730
643: 583 37 174 726 602 771 16 114 130 511 685
644: 672 1 239 662 709 241 76 127 297 727 125 409 432 481 370
645: 85 220 299 326 227 131 507 696 708 749
646: 480 519 618 715 410 575 199 401 777 49 270 449
647: 553 680 763 217 599 69 139 266 388 781 63 79
648: 292 395 584 542 227 701 796
649: 44 63 225 391 593 267 425 78 494 704 188 397 473 556 610
650: 149 493 580 689 133 246 484 404 439 728 327 376 512 667 93
651: 367 123 143 606 725 119 414 720 94 194 0 526 555 664
652: 99 366 615 653 375 407 718 161 474 74 146
653: 524 547 638 671 99 366 615 407 652 74
654: 40 468 134 352 408 355 640 729 233 260 517 545 291 371
655: 5 41 129 400 286 452 786 40 88 117 468 233 374 640 729
656: 487 355 374 640 273 442 24 488 669 670 517 307
657: 352 89 111 118 281 190 222 371
658: 528 563 275 682 32 180 415 465 252 399 536 622
659: 198 49 270 506 109 144 171 403 621 336 443 245 554
660: 495 308 325 342 359 115 145 189 193 386 59 464
661: 76 727 243 333 370 561 432 244 612 262 516 522
662: 38 181 551 672 1 239 709 125 481 297 644
663: 335 490 172 251 313 337 632 289 113 259 546 597 753 792
664: 367 143 606 651 725 674 0 526 555 739 119 94 194 666 141 378
665: 768 331 345 538 543 18 25 534 757 773 207 231 392 477
666: 526 664 739 94 154 194 483 302 450 141 589 629 504
667: 246 484 650 124 327 376 512 549 206 491 525 635 93 215
668: 200 553 690 740 217 571 599 763
669: 355 273 24 488 656 670 255 307 362 296 470 577
670: 273 24 488 656 669 362 385 296 302 470 577 154 483
671: 278 360 524 547 590 638 99 653 51 383
672: 358 9 356 551 239 662 709 297 644 50 240 241
673: 83 197 760 51 103 285 212 413 493 711 84 372 441 778
674: 316 367 86 518 138 357 769 606 725 0 555 664 378
675: 571 599 79 213 717 44 593
676: 216 262 330 522 612 208 249 461 587 411 132
677: 586 209 293 379 451 628 27 64 416 603 256 58 92
678: 375 43 211 254 358 735 790 356
679: 43 38 181 317 735 790 234 346 693
680: 458 535 641 763 324 502 67 446 69 139 388 647
681: 58 600 247 256 736 120 122 287 419 472
682: 82 563 568 275 318 436 595 738 252 622 658 32
683: 439 219 569 776 124 327 376 512 31 495 549 607 325
684: 66 267 425 58 92 434 600 178 287 78 183
685: 16 114 130 511 643 620 15 480 519 618 715 203 449 52
686: 509 770 97 153 210 42 438 692 764 279 542 783 798
687: 183 354 406 178 287 419 472 497 128 261 284 598 165 306
688: 530 560 7 301 540 748 283 462 83 197 592 760 778
689: 84 223 441 149 212 413 493 580 711 404 728 512 133 650 752
690: 200 553 740 641 763 217 668
691: 87 409 435 727 100 432 481 204
692: 532 770 42 438 686 764 164 292 395 584 605 701 279 542
693: 38 181 317 679 735 234 346 539 87 125 277 409 745 1
694: 186 5 13 328 363 369 459 746 286 349 422 452 380 433 437
695: 6 795 315 384 417 528 17 180 415 426 460 721 794
696: 796 645 131 507 708 749
697: 561 204 244 612 208 461 587
698: 16 114 54 564 596 722 52 198 389 203 510 179 489
699: 518 597 753 357 769 214 271 348 702 136 201 642 378
700: 2 120 269 12 274 521 176 497 583 21 37 174 726
701: 692 764 292 395 584 605 220 542 227 648 796 131
702: 632 259 518 597 753 20 214 271 348 357 769 136 699 168 312
703: 705 6 412 418 795 315 384 417
704: 649 267 397 473 556 610 78 183 354 406 494 165 257 503
705: 334 707 496 559 775 61 412 418 703
706: 28 777 328 363 369 459 746 19 236 437 336 443 731
707: 137 334 440 523 105 253 737 761 61 106 142 559 705 775
708: 227 645 131 507 696 749
709: 38 181 672 1 239 662 125 277 409 481 127 297 644
710: 207 18 757 455 477 498 508
711: 673 103 285 383 84 149 212 413 493 580 689 303 404 585 728
712: 11 626 721 794 102 789 617 429 782
713: 402 10 427 515 162 350 578 639 70 126 288 353 110 754 766
714: 354 406 494 95 341 503 165 306 799 128 284 191 73 150 339 466
715: 22 620 16 511 685 15 480 519 618 646 449
716: 642 4 504 576 448 75 182 238 544 743 108 629 276 382 616
717: 599 79 213 675 781 44 63 593 188
718: 375 407 652 211 254 358 356 9 161 474 756
719: 221 364 742 142 82 343 394 320 318 436 568
720: 574 35 433 487 123 143 651 119 273 414 442 24 94 194
721: 315 695 11 460 626 794 33 426 617 712
722: 54 564 596 613 389 698 510 179 232 489
723: 205 586 755 300 625 416
724: 560 278 283 462 360 590 83 592
725: 579 405 574 116 248 316 367 453 123 143 606 651 119 555 664 674
726: 2 269 12 176 583 21 37 174 566 700 511 643 771
727: 76 127 297 644 100 432 481 691 204 370 561 661
728: 285 158 303 149 212 413 493 580 689 711 404 439 585 512 650
729: 286 452 40 117 468 655 135 355 374 640 233 545 654
730: 642 168 231 541 101 230 290 448 75 229 498
731: 28 777 336 443 579 363 459 706 19 236 405 437
732: 80 156 797 3 56 177 471 428 160
733: 552 565 588 107 335 490 45 427 582 591 172 251 313 337
734: 387 14 223 12 151 274 521 148 631 633 752 614 747 21 566
735: 43 678 38 181 317 679 790 234 693
736: 293 27 170 603 247 256 505 681 557 122
737: 56 8 192 550 637 137 440 707 105 253 368 761 221 364 758
738: 82 630 318 436 682 26 329 402 595 639 622
739: 0 526 555 664 94 194 483 666 141 589 629 378 504 576
740: 200 553 690 763 668
741: 501 77 532 282 321 772 164 292 476 584 605 438
742: 221 364 373 456 457 258 320 343 394 719
743: 642 4 576 101 230 448 75 182 238 544 716 276 382 616 611 774
744: 62 91 263 377 224 347 424 485 65 467 323 570 767
745: 346 539 693 87 125 277 409 435
746: 155 186 393 328 363 369 459 706 13 349 422 694 437
747: 148 631 633 734 21 174 566 22 614 620 624 398 15 511
748: 170 7 301 540 688 197 592 760 372 173 557 562 778 505
749: 220 227 796 645 131 507 696 708
750: 215 759 206 491 525 635 762 30 140 410 155 186 393 359
751: 108 97 167 210 36 338 573 594 616 104 294 783 798 279 499
752: 14 84 223 441 151 148 631 633 734 493 580 689 133 484 614
753: 48 313 632 663 86 113 259 518 546 597 138 357 769 699 214 271 702
754: 162 350 578 70 126 288 353 713 65 163 780 71 235 514 537 766
755: 57 520 205 567 586 723 300 379
756: 718 146 158 9 161 474 240 46 219 569 585
757: 331 345 18 25 534 665 773 207 231 477 498 710
758: 8 192 637 152 185 311 368 737 761 221 364
759: 484 22 624 93 215 398 206 491 750 30 121 140 410 618
760: 688 748 83 197 592 673 51 103 212 84 372 441 778
761: 8 192 637 137 440 707 105 253 368 737 364 758 61 142
762: 206 491 525 635 308 342 359 264 155 186 393 750
763: 200 553 690 740 458 535 641 680 139 388 647 217 668
764: 97 42 438 686 692 292 395 605 701 220 279 542 783 798
765: 104 218 447 499 299 326
766: 578 70 126 288 713 163 71 235 514 537 754 768 538 157
767: 467 224 424 485 744 310 323 570 779
768: 71 235 514 537 766 184 331 345 538 25 665 773 157 305 543 619
769: 86 259 518 597 753 138 357 674 378 136 201 699 214 271 348 702
770: 255 296 509 577 77 385 478 532 42 438 686 692 97 153
771: 176 583 430 602 634 37 174 726 16 114 130 643
772: 255 268 529 90 492 501 533 627 791 77 478 532 282 321 741
773: 768 157 305 543 619 18 25 534 665 757
774: 230 448 75 182 544 743 53 229 60 169 454 475 611 276
775: 334 440 523 707 496 559 705 253 61 106 142
776: 46 219 569 50 240 241 513 531 175 500 608 31 495 607 683
777: 646 575 270 28 199 401 369 459 706 336 443 731 621
778: 7 688 748 173 387 557 562 197 592 673 760 14 372 441 151
779: 71 310 323 570 767 157 305 543 619
780: 536 622 162 350 486 578 639 558 788 65 163 467 126 537 754
781: 217 571 599 69 139 266 388 647 63 593 79 717
782: 11 280 617 102 712 789 195 429 479 793
783: 97 153 167 210 338 104 294 751 798 686 764 85 279
784: 237 147 373 456 457 613 232 272 489 527 258 320
785: 351 365 188 445 473 29 81 390 601
786: 5 13 264 464 286 422 452 41 59 129 400 88 117 655
787: 36 276 573 594 616 60 454 611 218 444 294 447 499
788: 465 252 399 536 622 421 62 91 263 377 558 486 65 467 780
789: 11 102 712 429 782
790: 43 358 678 38 181 317 679 735
791: 190 226 291 268 381 529 90 492 501 533 627 321 772
792: 515 172 251 313 337 632 663 288 110 184 259 597 20 271 98
793: 195 479 782 224 347 485
794: 695 11 460 626 721 17 415 33 280 426 617 429 712
795: 6 412 418 703 265 528 17 180 315 384 417 695
796: 227 648 701 131 507 696 749
797: 29 166 80 156 332 47 319 428 160 177 471 732
798: 97 210 104 294 751 783 686 764 85 220 279 542 299 499
799: 354 494 95 257 341 503 623 165 306 714 73 150 339 466
