800
20
0.25265466598863617 1
0.23408818050897312 1
0.24723710912324792 1
0.24170812644242881 1
0.25055813860167497 1
0.25837095459807435 1
0.23140409052262964 1
0.23447955398616491 1
0.23431742152040383 1
0.24338590827544462 1
0.25235496524278922 1
0.25412997244506325 1
0.25230945939588717 1
0.2305790078501789 1
0.24610790925316806 1
0.24821544154541619 1
0.25001311788920899 1
0.23274831943227375 1
0.24432527906161039 1
0.24784820741727412 1
0.25583800853548827 1
0.24475359704107122 1
0.23891152050485917 1
0.25291393514034688 1
0.25187286908984169 1
0.25381543769948239 1
0.24043290189098418 1
0.24781641750219827 1
0.24873998752002729 1
0.24838740360840114 1
0.2520601507460935 1
0.25797082220352219 1
0.2458735920047759 1
0.23704239922450426 1
0.24416115627775581 1
0.23381675588406797 1
0.24067901995744651 1
0.25988832453914462 1
0.25496823128759538 1
0.23973400024896596 1
0.23481733280472775 1
0.23872737133400293 1
0.23239773394586655 1
0.25709801888194073 1
0.25233995906477286 1
0.24890205510666219 1
0.24015324231925728 1
0.24956319561219201 1
0.24075243765042936 1
0.25165385939791707 1
0.24191909579494009 1
0.24049042348282554 1
0.23699814599662022 1
0.23653117600513179 1
0.25708052916876045 1
0.23871814281565529 1
0.24923602381892357 1
0.24054486636556929 1
0.24914674434370521 1
0.25697744646350928 1
0.2330259160319092 1
0.23812848243188001 1
0.24722087058621212 1
0.24337843312438631 1
0.25730558705154621 1
0.23582981211832799 1
0.24332493924071624 1
0.23519665364682454 1
0.23632380859700922 1
0.24179435831477564 1
0.24199575352176345 1
0.24952778625125593 1
0.24166190153337558 1
0.25804150008514826 1
0.25480015897940228 1
0.25331480155167052 1
0.2369170672436885 1
0.24231198197832812 1
0.23855136348887598 1
0.24081053352372039 1
0.23133192181849077 1
0.23703957127413394 1
0.24648662577862127 1
0.25367866235094155 1
0.23172522889017949 1
0.25214556720654241 1
0.23457363227637615 1
0.23452276189810245 1
0.23450814636792272 1
0.2510812940750915 1
0.23089649075091287 1
0.24364287395911874 1
0.23455505281120292 1
0.24299437128218568 1
0.25703565273770446 1
0.23158553288642511 1
0.25729385739951111 1
0.25998304294239355 1
0.24751225625446108 1
0.24868050465337324 1
0.2572088480644581 1
0.23466157201415025 1
0.24677626345931694 1
0.25827765170520678 1
0.24212462743324609 1
0.23401527813480394 1
0.2359557938449626 1
0.24571804878671294 1
0.24628359916793766 1
0.23518505935766759 1
0.23091281961449753 1
0.2320498859181607 1
0.24054566687468024 1
0.24799966009338148 1
0.23058137290091008 1
0.23340067183903598 1
0.23463404582780087 1
0.24923639240048284 1
0.25315769092662643 1
0.25116474623682439 1
0.24181414733975276 1
0.24276196419846935 1
0.25306712480972798 1
0.24767082334565477 1
0.24498203385161055 1
0.23585448407909235 1
0.25782291633694127 1
0.24926297105867368 1
0.23251890521468543 1
0.23629782741113955 1
0.23466580455480343 1
0.25703148199396375 1
0.24873460229396063 1
0.23781747377719148 1
0.24279088446063857 1
0.24802759963594978 1
0.25846403550891056 1
0.25222254623717538 1
0.23919388234233954 1
0.24082570116902369 1
0.25521831648214932 1
0.25775293722128567 1
0.25058969512507107 1
0.23091294974661172 1
0.24964592178731493 1
0.25473604643044617 1
0.23580332719361388 1
0.24453348413940765 1
0.25143902816708702 1
0.25652044788400902 1
0.24155023135997586 1
0.24739074958390808 1
0.23940069050051219 1
0.24938240880407125 1
0.23713908356503302 1
0.25438827574342066 1
0.2521843833288383 1
0.23517289134121597 1
0.23822199097223826 1
0.24289838266485095 1
0.24563795949754688 1
0.25476444829382888 1
0.23298772086602462 1
0.23185085946075124 1
0.23997977548899804 1
0.24931471837477259 1
0.25898012112173102 1
0.25259837666265494 1
0.2521425324584024 1
0.25203661678239903 1
0.24354410390099973 1
0.24597364138230618 1
0.23646619284106499 1
0.25584723705871748 1
0.24633145829803663 1
0.23816046332396473 1
0.24975474490051316 1
0.24884585568626305 1
0.23168622407303208 1
0.23793587287400381 1
0.25562803473922013 1
0.25032066945049475 1
0.24307680292030079 1
0.24953357871307938 1
0.23972139174659493 1
0.24609853123896003 1
0.24547853618001308 1
0.23460915424397921 1
0.23989277135552783 1
0.24629167630667451 1
0.23952748970308441 1
0.23584741583237662 1
0.25929144475936389 1
0.23513816589706588 1
0.25139745692521814 1
0.25188468559083782 1
0.24786565328603355 1
0.25534146611774533 1
0.25110850572273674 1
0.25387901373263339 1
0.24363821297612051 1
0.24935263230423799 1
0.24746698554189775 1
0.23748652332610823 1
0.25873090535503046 1
0.24729176825512325 1
0.23141357176326438 1
0.23325088644144459 1
0.24329881729057973 1
0.24888658060138139 1
0.25800534164921896 1
0.25971209399366751 1
0.25431691582587274 1
0.25079133501986162 1
0.2388279229499993 1
0.2395540205825043 1
0.24883197082616018 1
0.24145198639046192 1
0.2596952031560319 1
0.25383105978710613 1
0.24478652385422733 1
0.23128423881733759 1
0.25266011140605804 1
0.23313596776244772 1
0.24763583377772513 1
0.24738256055997393 1
0.24952048396413368 1
0.25384938303112359 1
0.2567540579023605 1
0.23365209175248938 1
0.25003976176415404 1
0.25387956231383529 1
0.25180784331934214 1
0.23793410135960349 1
0.24488123945043427 1
0.23900680372179711 1
0.23528287825458832 1
0.24961079162921354 1
0.2425180260129392 1
0.24614223127350482 1
0.25911052387481709 1
0.24864387696724485 1
0.2421356522686802 1
0.23453281258633532 1
0.2371891193689814 1
0.23317174258195211 1
0.25764520217842535 1
0.23629615783949848 1
0.23710442094450948 1
0.25375845998060309 1
0.25065810529007726 1
0.25300386321973045 1
0.24943687406056078 1
0.24388158180652578 1
0.25803820961488416 1
0.24474074218435451 1
0.2513173002492356 1
0.24565227887239724 1
0.25269623557516074 1
0.25498919846548157 1
0.23641107163612798 1
0.23918992044122436 1
0.23048995755671606 1
0.23381491778428742 1
0.23120970530115079 1
0.25587472003876227 1
0.24123393222439729 1
0.24114341600539424 1
0.23163496806067402 1
0.24231402626897219 1
0.25089451414852687 1
0.23157912848058892 1
0.23957618339359738 1
0.24838702778374269 1
0.23602581195890462 1
0.25305361504254387 1
0.23011179388516503 1
0.24713898523525837 1
0.247543999519026 1
0.23785961692779733 1
0.24935918686857647 1
0.23702483764751389 1
0.25923744524387715 1
0.24649439076254051 1
0.23693313828929546 1
0.24075571666982382 1
0.25911588909718214 1
0.25331056390264972 1
0.24874211977030036 1
0.23762065111102235 1
0.2427330270784783 1
0.23927452137103566 1
0.23697289670669955 1
0.23603843705170538 1
0.24976833900708431 1
0.25858458843916809 1
0.23471188375740135 1
0.24779477723905488 1
0.2380786255098645 1
0.24940422899554648 1
0.24509000875345646 1
0.2350235102908679 1
0.2573073296212558 1
0.2529224271035897 1
0.2318037188573201 1
0.23043736952525867 1
0.24310721014985942 1
0.23146281775369965 1
0.23007214942145721 1
0.25833290760026661 1
0.24191352419324955 1
0.25177912443485717 1
0.24829401939355394 1
0.25130950615447656 1
0.2490066366727893 1
0.24480113387473512 1
0.23834162030623904 1
0.25444226544160709 1
0.25103599342817978 1
0.25703781587058988 1
0.25865821829337199 1
0.25603266341495856 1
0.25091567981026369 1
0.23134401652568309 1
0.25704984225481758 1
0.2376990269168329 1
0.23098556738069123 1
0.24423516453163577 1
0.2335538524536884 1
0.23757468838001444 1
0.24534331425514658 1
0.25593086550922334 1
0.24280850414445673 1
0.2543365383021976 1
0.2569382588354362 1
0.25064215189140843 1
0.25693723166850546 1
0.24354705080608249 1
0.24546547990968379 1
0.2590537979974103 1
0.2598874724494698 1
0.25527048321723084 1
0.23379164927170787 1
0.24206997953555551 1
0.2432293401219284 1
0.23269285658983385 1
0.24239285786013434 1
0.25027874206987488 1
0.24121849573533022 1
0.24227383882638506 1
0.24924051139857994 1
0.23122576169831013 1
0.24875540469193702 1
0.23596280386457294 1
0.25455757883991842 1
0.25628078863711895 1
0.23383384296697038 1
0.25321088933423891 1
0.24568597831394645 1
0.24177612110089433 1
0.25587904151707985 1
0.2311731236670026 1
0.25249475345164446 1
0.23216427607360435 1
0.23318237431657285 1
0.2345160700144325 1
0.25514868944491592 1
0.24139465902343732 1
0.23973645422862488 1
0.23742050104123943 1
0.2387137946912842 1
0.25594737267490797 1
0.25354097786934143 1
0.25816403383379477 1
0.25129142312703312 1
0.25483464787876586 1
0.25165702403157553 1
0.2308193460837939 1
0.23941783921796936 1
0.25374310568996666 1
0.25647586499522979 1
0.23284248142160147 1
0.23876660775123298 1
0.248439199849778 1
0.25474283284633764 1
0.23719084647932259 1
0.23196382263727242 1
0.25531601519366148 1
0.23715737111095658 1
0.25629593757480867 1
0.25716488878895738 1
0.24480189803749838 1
0.25020748120771313 1
0.23325688693017427 1
0.23336832472228616 1
0.2447469607280906 1
0.232594798921405 1
0.24854130260952628 1
0.23460283849063845 1
0.25415060771919029 1
0.23232495283673063 1
0.25787695922985898 1
0.25099660517136191 1
0.2504461571571458 1
0.23074673532506224 1
0.24418433756041472 1
0.25242215365104365 1
0.25461921834439927 1
0.24404310113246458 1
0.2306764051236791 1
0.23021257668649128 1
0.2520520628063721 1
0.24029995221532346 1
0.25213902319726772 1
0.24779393738433697 1
0.24205351808609868 1
0.23625638097558521 1
0.23794487379312027 1
0.25296363526028931 1
0.23946923540953582 1
0.2454125088397407 1
0.230785286722753 1
0.23154798094588755 1
0.23982386832051997 1
0.24891213184740876 1
0.24040315734539533 1
0.24655060955298502 1
0.24675135928550154 1
0.23595812508063463 1
0.25720537886283923 1
0.23628032543383939 1
0.25984452730254576 1
0.24135348379844451 1
0.2521792606636144 1
0.24765940762403457 1
0.23663837361868034 1
0.234689284132343 1
0.25834899298342323 1
0.25581672710144626 1
0.25112522867010734 1
0.24575348529018617 1
0.25884627552539213 1
0.24074200367355544 1
0.25143726064579891 1
0.23778553987857745 1
0.25970272034643377 1
0.25571161280811877 1
0.2527535429308661 1
0.25304058988599126 1
0.2390596864900997 1
0.24277003091976346 1
0.24846944585799038 1
0.23788825644807721 1
0.24429507583199433 1
0.24619114567588007 1
0.2377753659387421 1
0.25802372316368621 1
0.23086150009591785 1
0.2316601824249733 1
0.25645851135499115 1
0.24686306255272369 1
0.24823862100046129 1
0.25971247431433708 1
0.23403500721010928 1
0.24770159287653368 1
0.25111661127341378 1
0.24477535675216186 1
0.25676309539606285 1
0.2491172757175619 1
0.2322385003317485 1
0.25117195600057279 1
0.24579463283710892 1
0.25952365802815769 1
0.24450029225910619 1
0.25625407879149559 1
0.25099740227714107 1
0.24853780450182519 1
0.24251800954002403 1
0.25407919719216077 1
0.2586217461505812 1
0.2525324372081354 1
0.24083572917324314 1
0.25201566664170783 1
0.25858134958784723 1
0.2533973037443083 1
0.24387468229741588 1
0.25292517068431492 1
0.2597930705699244 1
0.23010753184838989 1
0.2404026434140423 1
0.23888253811318083 1
0.25633512520745183 1
0.24504169525351865 1
0.25368746373188933 1
0.23277903607201625 1
0.23657757240297292 1
0.24221511886351127 1
0.23211030114161815 1
0.25483166745916597 1
0.24985954211063613 1
0.25146670086074313 1
0.23051922507440095 1
0.24826445065187019 1
0.2505658126753797 1
0.24249176778067014 1
0.25493455115118829 1
0.25254496611192756 1
0.24263032262844664 1
0.23201343161977828 1
0.23074942060819129 1
0.24987834738158823 1
0.2547940333408899 1
0.24506514660470949 1
0.23457069587573501 1
0.23135198777419033 1
0.2551004182788168 1
0.23771171240909822 1
0.25675150983764061 1
0.23318347741672499 1
0.24905107460099543 1
0.24405381038899202 1
0.23600241203666741 1
0.232797057188426 1
0.25945714899998013 1
0.25397216838812353 1
0.2348869141915147 1
0.24003841086156663 1
0.25774108353496084 1
0.25624605070459727 1
0.24099569840510118 1
0.23029746155265701 1
0.25662921489165091 1
0.24141424690703625 1
0.25391335833935524 1
0.2520778770736819 1
0.24118063454810165 1
0.25258901677762041 1
0.23109800209355547 1
0.25237946781491888 1
0.25013696747197156 1
0.23581792145082586 1
0.25647448502742681 1
0.25457618855317588 1
0.25983900147640737 1
0.23653626892960708 1
0.23948930822713069 1
0.25594545381114342 1
0.23887003671726825 1
0.2333423122492832 1
0.25616620991826339 1
0.23220924907217119 1
0.23329042490603238 1
0.23036655690349239 1
0.25581986633929732 1
0.25013114373202505 1
0.23791997602454237 1
0.24590374760825121 1
0.25223690665218451 1
0.23084291645995558 1
0.23764220405066946 1
0.24300605957428772 1
0.23803157655589224 1
0.23946930314900899 1
0.2546079050837875 1
0.25395875663620904 1
0.24794732737585784 1
0.23673188113991445 1
0.23132557988880029 1
0.25298319892193977 1
0.23716641411464723 1
0.24499422899844331 1
0.23664122039340998 1
0.24246597567776865 1
0.24982501566569232 1
0.24001613598422611 1
0.24546560477414942 1
0.24196014002489011 1
0.23641447131636906 1
0.2474120925946755 1
0.25875064075056486 1
0.25896456535624796 1
0.25446195705004615 1
0.25447744947215178 1
0.23775617021012832 1
0.25379742027176905 1
0.25689951239607051 1
0.23761624201017609 1
0.23992707476796918 1
0.23417616196512941 1
0.2561874025393876 1
0.2454173589168403 1
0.25706629010523352 1
0.2313026038846609 1
0.2506465923056384 1
0.24965600138983624 1
0.23666976902396825 1
0.25648835644820356 1
0.24227707778011637 1
0.2578593938612283 1
0.23740309720093611 1
0.23656765899934956 1
0.23972540385316482 1
0.24313384585547329 1
0.25248819143205958 1
0.25859667327809149 1
0.24852946105960647 1
0.24546426166667162 1
0.24552788441367304 1
0.23053455038934506 1
0.23089043576812529 1
0.2383104206876816 1
0.24563215955698003 1
0.25746223743803642 1
0.25429338671546081 1
0.24441573417683723 1
0.23565870573957706 1
0.25576464262829879 1
0.24889545405287913 1
0.24701417773590745 1
0.24531812182274221 1
0.23991601544735083 1
0.23599448171558968 1
0.2430585086753419 1
0.23985797625511732 1
0.2385511741773052 1
0.25619306561137967 1
0.23796084032335377 1
0.23574157842022947 1
0.23397247526418732 1
0.24553313463721715 1
0.23316813832027836 1
0.24107051553080813 1
0.2527682881353312 1
0.25657096258354789 1
0.24689502749530715 1
0.24435284045474118 1
0.23293402654533638 1
0.25829558720346835 1
0.24876625082149936 1
0.25643996933664742 1
0.23841218653226601 1
0.25442589938930621 1
0.24712678337314026 1
0.25084745856845042 1
0.25129118865387445 1
0.24992014776942553 1
0.24336574546715833 1
0.25857592797717965 1
0.23174258165221523 1
0.24725784774835241 1
0.23708649872120938 1
0.25485047719472587 1
0.25692351401684038 1
0.24515687993947388 1
0.23071171767001591 1
0.2340491480619166 1
0.2406915689860355 1
0.23119647656534431 1
0.24633766191620654 1
0.2301984846905348 1
0.25051915981625472 1
0.25054884421096046 1
0.25309713923367294 1
0.24541854580193384 1
0.25156914696844224 1
0.23863972499530683 1
0.23969665853523831 1
0.25734862760197941 1
0.23113571273140129 1
0.24949761546784605 1
0.23124168997766456 1
0.23001580001715441 1
0.24600419800140763 1
0.24141792953974833 1
0.24101625092973797 1
0.25676138231864881 1
0.23326590767169689 1
0.24961412262337904 1
0.24360394081755446 1
0.2301118905512424 1
0.23769784958726234 1
0.24761039836350024 1
0.25956565804364812 1
0.25047522622086704 1
0.24387455110318684 1
0.23560496864748895 1
0.2452138367074426 1
0.25328364148311261 1
0.25491040890508959 1
0.25551887313947419 1
0.2410925087336607 1
0.23141553709945992 1
0.25229434735528189 1
0.2574659607906758 1
0.25859350570566969 1
0.25545328608953732 1
0.23616042622109093 1
0.25485666772508625 1
0.23666228218374893 1
0.2530581794888429 1
0.23080846731046811 1
0.25315053283468714 1
0.25791807979047848 1
0.23455930533767946 1
0.25454178397740812 1
0.2400300822185 1
0.24436242301013178 1
0.25188958193970074 1
0.2473718294413674 1
0.24530631066178793 1
0.25543023319723329 1
0.24156639140065228 1
0.23503402255717193 1
0.2574019085658138 1
0.25063622359834908 1
0.23960225889919215 1
0.24901316103397614 1
0.25308679575297632 1
0.23562105278163567 1
0.25373704169778361 1
0.2388176661885478 1
0.24482412939843085 1
0.24803135362797854 1
0.23762800470293741 1
0.24869861302190541 1
0.24354956776816286 1
0.25651477717087634 1
0.24772330549567589 1
0.25648740801542153 1
0.24159762659374748 1
0.2501919698990584 1
0.25846826448076743 1
0.23119252118828965 1
0.23029183660669555 1
0.24193437529276832 1
0.23958976315911093 1
0.2404645006118942 1
0.24187882307425884 1
0.25913352010843821 1
0.24352751765895761 1
0.2338353672979539 1
0.24393900556219206 1
0.25157875749186903 1
0.24512664094801481 1
0.24728429822754439 1
0.24156383329924086 1
0.24210356042719069 1
0.23022423090940033 1
0.23678575802612642 1
0.23602538330579861 1
0.24905860572439872 1
0.24447926837653403 1
0.25911993340031014 1
0.25312366431638278 1
0.23500636157571406 1
0.24785495643528374 1
0.2541943394517388 1
0.2357050359048096 1
0.23187529810983298 1
0.24736345817070934 1
0.25493795239320161 1
0.24671811986818395 1
0.23928026983459716 1
0.25892685296292023 1
0.25850371598621646 1
0.24041141754206752 1
0.24122787170019552 1
0.23644689544762479 1
0.25973195816405842 1
0.24352149619107177 1
0.24725644836284444 1
0.24424522601024867 1
0.25848920608048565 1
0.23033854524302999 1
0.25858524894660495 1
0.25164633202556158 1
0.25465571389886338 1
0.23447191173587942 1
0.24973143469733439 1
0.25503381439500405 1
0.2475923819177604 1
0.23524150577720154 1
0.24904313640191572 1
0.23037461274131429 1
0.23457915530757123 1
0.25908300321943395 1
0.24533238026302426 1
0.2305798075224921 1
0.24602561128359338 1
0.25212947797935237 1
0.25367574081396227 1
0.23725853998646773 1
0.256689992348197 1
0.2429571884939139 1
0.24807029491846302 1
0.24124670189366929 1
0.24965481369837669 1
0.25666499774299917 1
0.24241684042772149 1
0.24283333079463179 1
